www.bbc.co.uk,05-13-2020,14:36:27,80.0|84.9|84.8|86.8|84.6|83.7|84.3|82.7|83.3|85.4|89.4,84.53636363636362
www.bbc.co.uk,05-13-2020,14:36:27,81.8|83.5|80.5|84.0|85.5|82.7|82.6|83.2|80.9|82.0|83.6,82.75454545454545
www.bbc.co.uk,05-13-2020,18:26:00,81.2|82.6|80.9|78.3|83.1|79.9|83.8|79.7|80.1|80.2|83.4,81.2
www.bbc.co.uk,05-13-2020,18:26:00,78.6|78.8|81.2|80.7|84.4|81.1|79.7|84.1|80.1|82.5|80.4,81.05454545454545
www.bbc.co.uk,05-14-2020,14:36:28,80.8|88.5|85.1|78.9|84.3|79.6|83.1|84.8|83.7|82.0|80.0,82.8
www.bbc.co.uk,05-14-2020,14:36:28,81.5|83.0|89.6|87.3|82.3|79.3|79.6|82.9|84.0|83.0|84.3,83.34545454545454
www.bbc.co.uk,05-14-2020,18:25:43,81.2|81.9|80.8|83.2|82.4|79.7|80.7|82.7|80.7|80.1|81.9,81.39090909090909
www.bbc.co.uk,05-14-2020,18:25:43,79.1|81.2|81.3|80.7|81.6|80.7|82.2|82.0|81.0|82.6|80.6,81.18181818181819
www.bbc.co.uk,05-15-2020,14:37:50,78.5|81.2|86.1|81.8|84.2|81.2|81.1|82.0|81.8|80.8|82.1,81.89090909090908
www.bbc.co.uk,05-15-2020,14:37:50,84.0|83.0|81.0|81.0|79.3|79.4|81.5|79.2|80.0|80.3|81.2,80.89999999999999
www.bbc.co.uk,05-15-2020,18:25:31,82.2|82.3|82.3|82.1|83.1|82.0|82.7|82.7|85.2|82.4|84.7,82.88181818181819
www.bbc.co.uk,05-15-2020,18:25:31,81.9|80.0|82.8|81.7|82.8|80.1|82.7|79.9|79.6|82.2|89.6,82.11818181818182
www.bbc.co.uk,05-16-2020,14:37:13,81.1|84.4|87.4|84.1|87.3|86.7|81.2|85.9|85.5|81.9|85.0,84.5909090909091
www.bbc.co.uk,05-16-2020,14:37:13,81.6|84.9|83.2|81.3|83.1|82.7|83.4|81.6|83.5|81.9|87.1,83.11818181818181
www.bbc.co.uk,05-16-2020,18:25:44,81.5|84.7|89.9|89.0|89.6|186.0|132.0|82.8|82.9|84.4|83.1,98.7181818181818
www.bbc.co.uk,05-16-2020,18:25:44,82.4|86.6|86.7|88.9|87.1|86.2|80.3|81.5|80.8|81.9|84.7,84.28181818181818
www.bbc.co.uk,05-17-2020,14:36:19,78.8|94.3|78.3|77.9|77.9|78.0|79.0|94.4|77.7|79.4|79.2,81.35454545454546
www.bbc.co.uk,05-17-2020,14:36:19,85.0|79.0|79.0|80.7|77.7|78.0|78.9|78.8|77.9|79.7|79.9,79.5090909090909
www.bbc.co.uk,05-17-2020,18:25:49,79.9|82.8|83.7|84.0|82.0|84.7|81.6|82.3|84.1|83.6|82.4,82.82727272727273
www.bbc.co.uk,05-17-2020,18:25:49,80.0|84.7|81.8|81.6|84.1|82.7|84.0|82.3|81.4|82.3|83.9,82.61818181818181
www.bbc.co.uk,05-18-2020,14:36:25,79.0|81.8|80.2|81.6|82.1|81.2|81.9|81.0|78.8|81.0|79.8,80.76363636363637
www.bbc.co.uk,05-18-2020,14:36:25,78.4|80.8|78.7|80.9|84.5|79.7|82.2|81.9|80.3|82.1|82.3,81.07272727272726
www.bbc.co.uk,05-18-2020,18:25:30,83.1|83.3|87.0|84.8|85.4|84.6|82.5|84.9|85.7|85.6|84.5,84.67272727272727
www.bbc.co.uk,05-18-2020,18:25:30,80.6|86.5|85.3|86.2|86.1|84.9|85.6|84.8|93.7|94.8|90.0,87.13636363636364
www.bbc.co.uk,05-19-2020,14:39:46,N/A|N/A|N/A|N/A|N/A|N/A|N/A|N/A|N/A|N/A|N/A,N/A
www.bbc.co.uk,05-19-2020,14:39:46,207.0|211.0|189.0|154.0|184.0|186.0|172.0|175.0|165.0|195.0|248.0,189.63636363636363
www.bbc.co.uk,05-19-2020,18:25:45,79.5|79.8|79.8|79.5|80.4|81.6|79.8|78.9|79.6|81.9|78.5,79.93636363636364
www.bbc.co.uk,05-19-2020,18:25:45,80.0|82.8|78.8|81.6|79.4|80.8|79.8|80.5|81.8|78.6|80.1,80.38181818181819
www.bbc.co.uk,05-20-2020,14:38:22,119.0|281.0|305.0|188.0|147.0|170.0|193.0|215.0|238.0|269.0|287.0,219.27272727272728
www.bbc.co.uk,05-20-2020,14:38:22,168.0|192.0|217.0|172.0|261.0|283.0|304.0|121.0|121.0|146.0|190.0,197.72727272727272
www.bbc.co.uk,05-20-2020,18:26:10,118.0|119.0|116.0|117.0|117.0|117.0|117.0|117.0|118.0|118.0|119.0,117.54545454545455
www.bbc.co.uk,05-20-2020,18:26:10,117.0|119.0|118.0|117.0|122.0|117.0|118.0|115.0|118.0|118.0|118.0,117.9090909090909
www.bbc.co.uk,05-21-2020,14:37:17,124.0|121.0|119.0|124.0|120.0|120.0|119.0|120.0|119.0|122.0|136.0,122.18181818181819
www.bbc.co.uk,05-21-2020,14:37:17,122.0|119.0|121.0|121.0|120.0|118.0|124.0|120.0|119.0|120.0|120.0,120.36363636363636
www.bbc.co.uk,05-21-2020,18:28:47,81.9|80.7|82.2|83.8|82.7|83.9|82.3|81.8|82.9|81.1|83.9,82.47272727272728
www.bbc.co.uk,05-21-2020,18:28:47,85.8|93.0|85.3|81.6|80.1|99.3|83.9|81.7|82.6|84.1|82.9,85.48181818181818
www.bbc.co.uk,05-21-2020,20:57:37,78.8|93.8|79.7|82.1|80.8|80.6|81.2|80.0|80.8|80.2|80.7,81.7
www.bbc.co.uk,05-21-2020,20:57:37,79.5|92.8|79.6|80.8|79.2|115.0|81.9|81.6|79.6|81.3|79.5,84.61818181818181
www.bbc.co.uk,05-22-2020,18:25:41,83.0|81.9|80.8|80.9|86.3|81.8|83.0|81.9|78.8|80.5|80.4,81.75454545454545
www.bbc.co.uk,05-22-2020,18:25:41,80.4|80.3|81.8|79.5|85.5|85.2|84.6|83.8|80.9|82.5|82.3,82.43636363636362
www.bbc.co.uk,05-23-2020,14:36:36,82.5|83.9|87.0|86.0|87.0|87.5|85.8|86.6|83.6|86.4|105.0,87.39090909090909
www.bbc.co.uk,05-23-2020,14:36:36,82.0|83.5|85.6|85.7|86.9|83.4|85.9|84.7|85.4|84.9|86.9,84.99090909090908
www.bbc.co.uk,05-23-2020,18:25:21,79.9|80.4|101.0|80.9|82.7|80.1|80.9|89.9|82.5|81.6|81.4,83.75454545454546
www.bbc.co.uk,05-23-2020,18:25:21,78.7|82.0|80.4|82.1|79.8|82.7|79.0|80.5|81.1|81.7|86.9,81.35454545454546
www.bbc.co.uk,05-24-2020,14:36:32,83.7|81.3|81.1|81.1|85.4|81.6|82.3|84.3|85.7|81.6|99.5,84.32727272727273
www.bbc.co.uk,05-24-2020,14:36:32,80.3|82.0|82.1|81.9|81.3|144.0|82.5|81.1|82.1|83.7|82.4,87.58181818181819
www.bbc.co.uk,05-24-2020,18:25:33,80.6|83.5|90.6|81.8|81.4|81.8|82.1|81.2|83.1|81.9|81.9,82.71818181818182
www.bbc.co.uk,05-24-2020,18:25:33,80.7|79.2|81.9|82.6|82.6|84.9|83.8|85.1|83.4|80.9|83.5,82.6
www.bbc.co.uk,05-25-2020,14:36:25,80.6|80.5|79.0|80.7|80.1|80.9|79.7|78.4|80.6|80.6|80.3,80.12727272727273
www.bbc.co.uk,05-25-2020,14:36:25,78.6|79.6|85.1|88.9|80.2|79.9|79.2|85.8|86.2|80.5|82.5,82.4090909090909
www.bbc.co.uk,05-25-2020,18:25:35,80.5|81.5|78.8|80.0|80.2|80.5|80.3|82.6|79.3|79.5|80.7,80.35454545454546
www.bbc.co.uk,05-25-2020,18:25:35,79.2|79.6|79.4|80.4|81.4|80.9|81.7|80.8|81.6|80.4|80.0,80.4909090909091
www.bbc.co.uk,05-26-2020,14:37:24,125.0|115.0|116.0|117.0|114.0|114.0|118.0|117.0|115.0|114.0|116.0,116.45454545454545
www.bbc.co.uk,05-26-2020,14:37:24,115.0|121.0|116.0|115.0|115.0|115.0|119.0|123.0|137.0|142.0|145.0,123.9090909090909
