www.bbc.co.uk,05-13-2020,10:04:09,101.0|112.0|96.8|97.1|97.2|96.7|97.5|96.8|96.8|97.7|97.6,98.83636363636364
www.bbc.co.uk,05-13-2020,10:04:09,102.0|101.0|96.9|97.8|97.3|96.5|96.6|97.1|97.5|97.7|97.4,97.9818181818182
www.bbc.co.uk,05-13-2020,22:04:10,100.0|99.4|96.3|97.2|97.5|104.0|96.7|98.0|98.0|97.3|96.7,98.28181818181817
www.bbc.co.uk,05-13-2020,22:04:10,102.0|100.0|98.1|97.7|96.6|96.9|100.0|96.5|97.6|97.0|105.0,98.85454545454546
www.bbc.co.uk,05-14-2020,10:04:09,100.0|109.0|99.0|98.0|96.9|96.9|97.2|97.3|97.9|97.2|97.4,98.8
www.bbc.co.uk,05-14-2020,10:04:09,103.0|101.0|97.5|97.8|98.3|97.8|104.0|97.0|96.7|98.1|97.6,98.9818181818182
www.bbc.co.uk,05-14-2020,22:04:09,102.0|101.0|98.3|98.1|98.4|97.2|97.7|96.7|99.0|97.5|96.9,98.43636363636364
www.bbc.co.uk,05-14-2020,22:04:09,101.0|101.0|96.3|96.9|96.7|97.8|98.1|96.8|97.7|96.6|97.1,97.81818181818181
www.bbc.co.uk,05-15-2020,10:04:10,145.0|154.0|114.0|128.0|178.0|141.0|144.0|154.0|137.0|140.0|133.0,142.54545454545453
www.bbc.co.uk,05-15-2020,10:04:10,130.0|145.0|137.0|146.0|146.0|144.0|145.0|126.0|125.0|116.0|176.0,139.63636363636363
www.bbc.co.uk,05-15-2020,22:04:10,102.0|109.0|97.8|98.2|97.9|96.8|107.0|98.6|98.0|97.7|105.0,100.72727272727273
www.bbc.co.uk,05-15-2020,22:04:10,101.0|101.0|98.3|99.4|100.0|97.1|97.4|96.7|99.2|98.8|97.8,98.7909090909091
www.bbc.co.uk,05-16-2020,10:04:09,100.0|100.0|97.2|97.1|97.0|98.3|96.9|96.9|97.1|96.9|96.4,97.61818181818184
www.bbc.co.uk,05-16-2020,10:04:09,101.0|100.0|96.7|98.4|97.1|97.4|97.0|96.7|97.6|96.8|96.9,97.78181818181817
www.bbc.co.uk,05-16-2020,22:04:09,111.0|113.0|107.0|108.0|107.0|110.0|108.0|108.0|108.0|108.0|107.0,108.63636363636364
www.bbc.co.uk,05-16-2020,22:04:09,112.0|111.0|108.0|108.0|107.0|108.0|107.0|108.0|107.0|107.0|107.0,108.18181818181819
www.bbc.co.uk,05-17-2020,10:04:10,101.0|100.0|96.9|97.8|96.5|97.5|97.6|96.9|99.0|100.0|104.0,98.83636363636364
www.bbc.co.uk,05-17-2020,10:04:10,101.0|102.0|97.0|97.5|110.0|96.6|96.5|98.6|123.0|130.0|97.0,104.47272727272728
www.bbc.co.uk,05-17-2020,22:04:09,101.0|100.0|97.0|97.9|97.5|96.8|97.8|98.8|98.0|97.5|97.3,98.14545454545454
www.bbc.co.uk,05-17-2020,22:04:09,102.0|100.0|97.5|96.8|96.6|97.1|97.2|96.9|96.6|97.4|96.4,97.68181818181819
www.bbc.co.uk,05-18-2020,10:04:10,101.0|101.0|97.4|99.3|99.8|96.7|97.9|98.2|97.6,98.76666666666667
www.bbc.co.uk,05-18-2020,10:04:10,102.0|101.0|97.0|98.0|98.5|97.8|104.0|98.3|98.7|97.0|97.2,99.04545454545455
www.bbc.co.uk,05-18-2020,22:04:10,101.0|100.0|97.2|97.3|97.2|97.0|97.0|97.2|97.9|96.8|98.1,97.88181818181816
www.bbc.co.uk,05-18-2020,22:04:10,102.0|103.0|97.2|97.7|96.9|97.1|97.3|96.7|98.1|97.4|97.8,98.2909090909091
www.bbc.co.uk,05-19-2020,10:04:09,101.0|100.0|97.1|97.0|96.9|96.4|96.9|96.7|96.7|96.8|97.2,97.51818181818182
www.bbc.co.uk,05-19-2020,10:04:09,101.0|99.4|97.2|96.8|97.0|96.9|96.6|97.2|96.3|97.4|96.6,97.49090909090908
www.bbc.co.uk,05-19-2020,22:04:12,102.0|106.0|96.6|96.8|97.0|97.0|97.4|96.5|97.3|96.5|96.6,98.15454545454544
www.bbc.co.uk,05-19-2020,22:04:12,101.0|100.0|96.8|97.0|96.7|96.5|97.9|97.3|99.0|97.1|96.7,97.81818181818181
www.bbc.co.uk,05-20-2020,10:04:10,100.0|114.0|96.9|97.2|97.1|97.5|96.8|97.0|97.0|97.3|97.3,98.91818181818181
www.bbc.co.uk,05-20-2020,10:04:10,110.0|103.0|97.3|96.7|96.6|98.1|97.3|97.8|97.0|96.9|97.1,98.89090909090909
www.bbc.co.uk,05-20-2020,22:04:09,100.0|100.0|97.3|97.5|96.9|97.6|96.5|97.0|96.9|96.6|98.6,97.7181818181818
www.bbc.co.uk,05-20-2020,22:04:09,101.0|103.0|96.9|97.6|96.8|97.0|96.8|97.3|96.8|96.9|97.4,97.95454545454545
www.bbc.co.uk,05-21-2020,10:04:09,100.0|100.0|98.0|97.2|96.8|97.3|96.8|96.7|97.6|97.2|96.6,97.65454545454546
www.bbc.co.uk,05-21-2020,10:04:09,102.0|100.0|96.7|96.9|96.7|97.1|96.3|96.3|96.7|97.7|96.9,97.57272727272729
www.bbc.co.uk,05-21-2020,22:04:10,103.0|103.0|98.8|98.8|98.7|98.8|98.8|99.5|100.0|99.6|99.2,99.83636363636364
www.bbc.co.uk,05-21-2020,22:04:10,103.0|102.0|98.7|98.9|99.1|99.5|98.8|98.7|98.7|99.7|99.5,99.6909090909091
www.bbc.co.uk,05-22-2020,10:04:09,101.0|103.0|97.0|97.4|96.6|97.0|97.0|97.3|96.8|96.9|97.0,97.9090909090909
www.bbc.co.uk,05-22-2020,10:04:09,100.0|107.0|96.4|97.7|97.4|96.7|97.1|98.3|96.5|97.3|98.7,98.46363636363635
www.bbc.co.uk,05-22-2020,22:04:09,107.0|100.0|96.2|96.7|96.4|97.0|97.5|96.3|96.5|96.2|97.2,97.9090909090909
www.bbc.co.uk,05-22-2020,22:04:09,101.0|103.0|96.4|96.2|97.1|97.3|96.5|96.9|97.1|96.7|96.9,97.73636363636365
www.bbc.co.uk,05-23-2020,10:04:09,103.0|102.0|99.6|99.3|99.3|98.7|99.1|99.3|99.2|98.9|98.7,99.73636363636363
www.bbc.co.uk,05-23-2020,10:04:09,102.0|102.0|99.9|100.0|99.6|99.3|98.8|99.4|99.3|99.3|99.6,99.92727272727271
www.bbc.co.uk,05-23-2020,22:04:09,102.0|102.0|96.7|98.7|96.9|97.3|106.0|96.9|96.8|97.3|97.8,98.94545454545454
www.bbc.co.uk,05-23-2020,22:04:09,101.0|99.2|97.3|96.6|96.8|96.8|97.0|97.9|97.2|96.6|105.0,98.30909090909091
www.bbc.co.uk,05-24-2020,10:04:09,100.0|101.0|97.3|97.0|98.3|96.9|96.5|96.4|96.7|96.7|97.2,97.63636363636365
www.bbc.co.uk,05-24-2020,10:04:09,100.0|99.5|95.9|95.9|95.7|95.6|97.6|96.1|96.0|97.0|96.1,96.85454545454544
www.bbc.co.uk,05-24-2020,22:04:09,109.0|101.0|97.8|97.4|106.0|97.1|98.6|98.9|96.7|96.2|96.1,99.52727272727272
www.bbc.co.uk,05-24-2020,22:04:09,100.0|100.0|96.8|97.0|105.0|96.2|96.3|97.1|97.1|96.2|96.4,98.00909090909092
www.bbc.co.uk,05-25-2020,10:04:09,100.0|100.0|97.3|96.8|96.4|96.9|96.9|96.7|97.4|97.2|97.0,97.5090909090909
www.bbc.co.uk,05-25-2020,10:04:09,100.0|102.0|96.6|97.6|96.8|97.5|97.7|97.7|96.7|97.2|96.6,97.85454545454546
www.bbc.co.uk,05-25-2020,22:04:10,101.0|101.0|96.3|96.3|96.8|96.7|98.2|96.6|96.4|96.6|96.6,97.5
www.bbc.co.uk,05-25-2020,22:04:10,100.0|100.0|102.0|97.5|96.8|97.1|96.7|96.5|96.4|96.4|96.4,97.8
www.bbc.co.uk,05-26-2020,10:04:10,103.0|103.0|98.9|100.0|99.9|98.7|98.8|99.4|99.0|99.3|98.7,99.88181818181819
www.bbc.co.uk,05-26-2020,10:04:10,103.0|102.0|99.2|99.2|100.0|99.5|99.7|100.0|99.1|99.7|100.0,100.12727272727274
www.bbc.co.uk,05-26-2020,22:04:08,101.0|100.0|96.9|96.7|97.4|96.7|97.2|98.5|96.8|96.3|96.6,97.64545454545454
www.bbc.co.uk,05-26-2020,22:04:08,101.0|100.0|96.7|96.7|97.1|97.2|96.8|97.6|96.5|97.1|96.7,97.58181818181816
