www.youtube.com,05-13-2020,10:04:09,12.7|11.5|8.37|7.88|7.91|7.96|8.25|8.52|8.21|8.62|7.72,8.876363636363637
www.youtube.com,05-13-2020,10:04:09,8.14|9.18|8.02|15.0|8.09|8.25|8.66|9.06|7.52|9.61|7.62,9.013636363636364
www.youtube.com,05-13-2020,22:04:10,12.6|11.2|8.13|7.92|7.71|9.21|8.16|8.86|7.52|15.8|8.93,9.639999999999999
www.youtube.com,05-13-2020,22:04:10,7.63|7.84|7.47|9.12|8.22|7.44|9.11|8.27|8.87|8.17|8.75,8.262727272727274
www.youtube.com,05-14-2020,10:04:09,11.5|11.5|7.62|7.87|8.06|7.73|7.77|8.67|8.41|7.56|8.0,8.608181818181817
www.youtube.com,05-14-2020,10:04:09,19.5|11.8|8.57|14.2|8.48|7.56|8.02|7.79|8.16|8.71|8.71,10.136363636363637
www.youtube.com,05-14-2020,22:04:09,11.7|11.5|7.89|8.54|7.94|9.62|7.52|7.88|9.49|8.05|7.79,8.90181818181818
www.youtube.com,05-14-2020,22:04:09,11.5|12.6|9.02|8.5|15.3|7.97|7.77|9.44|8.67|8.29|7.84,9.718181818181819
www.youtube.com,05-15-2020,10:04:10,12.4|12.7|7.53|8.16|7.71|12.8|7.68|7.67|9.9|7.62|7.97,9.285454545454547
www.youtube.com,05-15-2020,10:04:10,7.94|10.0|9.86|7.52|8.47|8.76|8.02|8.67|7.66|7.57|7.67,8.376363636363637
www.youtube.com,05-15-2020,22:04:10,12.6|12.5|8.82|7.82|7.81|7.81|7.46|7.56|8.01|8.81|8.67,8.897272727272728
www.youtube.com,05-15-2020,22:04:10,19.5|12.6|8.06|8.21|8.21|8.3|9.02|8.77|8.31|7.81|8.21,9.727272727272727
www.youtube.com,05-16-2020,10:04:09,15.3|25.6|9.16|9.32|9.76|7.66|9.04|8.52|7.82|7.91|9.16,10.840909090909092
www.youtube.com,05-16-2020,10:04:09,12.3|11.8|8.67|8.06|10.7|9.08|7.72|8.11|8.35|8.06|8.96,9.255454545454546
www.youtube.com,05-16-2020,22:04:09,21.5|12.7|7.47|8.12|8.31|9.19|8.8|8.22|7.61|8.11|8.67,9.881818181818183
www.youtube.com,05-16-2020,22:04:09,13.5|13.6|7.72|9.17|8.17|7.79|7.87|7.82|15.2|7.88|8.76,9.770909090909091
www.youtube.com,05-17-2020,10:04:10,11.5|11.6|7.44|8.59|8.09|8.37|8.54|7.47|8.38|8.05|8.09,8.738181818181816
www.youtube.com,05-17-2020,10:04:10,8.55|8.45|8.3|25.8|7.47|9.15|8.06|9.51|9.46|7.65|15.1,10.681818181818182
www.youtube.com,05-17-2020,22:04:09,12.6|11.2|9.13|7.51|15.0|7.99|7.8|9.16|14.8|8.74|8.71,10.239999999999998
www.youtube.com,05-17-2020,22:04:09,7.93|8.02|8.22|8.91|8.87|7.9|8.4|7.66|9.57|7.82|8.56,8.35090909090909
www.youtube.com,05-18-2020,10:04:10,13.5|20.8|7.89|8.29|9.78|8.21|8.16|8.99|8.07|8.42|7.75,9.987272727272726
www.youtube.com,05-18-2020,10:04:10,9.15|24.5|8.68|8.04|8.38|7.85|9.44|16.4|8.83|7.79|8.63,10.69909090909091
www.youtube.com,05-18-2020,22:04:10,12.6|12.6|9.42|8.66|8.91|7.72|9.01|8.57|8.46|7.51|8.71,9.288181818181817
www.youtube.com,05-18-2020,22:04:10,11.5|11.7|8.37|8.37|8.92|8.8|8.86|8.32|9.22|7.67|7.82,9.05
www.youtube.com,05-19-2020,10:04:09,19.5|16.7|7.48|8.66|7.96|7.96|8.1|8.9|8.12|7.77|7.56,9.882727272727273
www.youtube.com,05-19-2020,10:04:09,8.1|7.78|7.86|7.92|7.56|7.71|7.66|8.4|7.72|8.02|7.72,7.859090909090909
www.youtube.com,05-19-2020,22:04:12,11.8|11.5|7.67|8.07|8.45|7.79|7.48|7.76|8.06|7.57|7.67,8.52909090909091
www.youtube.com,05-19-2020,22:04:12,7.55|8.18|8.32|9.09|7.92|7.79|9.56|7.53|7.81|7.96|8.31,8.183636363636364
www.youtube.com,05-20-2020,10:04:10,11.5|13.2|7.73|7.52|7.72|7.36|7.46|7.86|8.06|8.36|7.57,8.576363636363636
www.youtube.com,05-20-2020,10:04:10,10.8|10.5|7.71|7.86|7.86|7.55|7.67|7.36|8.11|8.31|8.29,8.365454545454547
www.youtube.com,05-20-2020,22:04:09,12.6|11.6|7.88|8.46|8.17|7.86|8.09|9.26|7.88|7.66|7.86,8.847272727272726
www.youtube.com,05-20-2020,22:04:09,7.75|10.2|12.5|8.57|7.93|7.7|7.86|7.72|7.67|7.82|7.91,8.511818181818182
www.youtube.com,05-21-2020,10:04:09,12.6|11.3|7.82|7.96|9.02|7.87|8.35|7.72|7.52|7.46|7.92,8.685454545454546
www.youtube.com,05-21-2020,10:04:09,11.6|11.7|7.77|8.72|7.57|7.86|8.06|7.96|8.95|8.17|7.81,8.742727272727272
www.youtube.com,05-21-2020,22:04:10,11.8|12.4|8.36|7.68|7.64|7.82|8.0|8.81|8.97|7.55|8.3,8.848181818181818
www.youtube.com,05-21-2020,22:04:10,11.5|14.6|8.27|8.25|8.02|9.07|8.6|7.75|8.23|8.75|8.28,9.210909090909091
www.youtube.com,05-22-2020,10:04:09,12.4|11.7|8.12|7.54|7.99|7.76|8.21|8.19|7.62|8.04|7.69,8.659999999999998
www.youtube.com,05-22-2020,10:04:09,12.9|13.8|8.12|7.55|7.74|8.15|14.9|9.05|7.82|8.54|7.79,9.66909090909091
www.youtube.com,05-22-2020,22:04:09,13.4|12.6|7.78|8.49|8.46|7.94|7.93|8.35|8.28|8.14|7.56,8.993636363636364
www.youtube.com,05-22-2020,22:04:09,8.14|8.09|8.14|7.89|7.54|7.92|7.87|7.98|8.39|8.47|7.59,8.001818181818182
www.youtube.com,05-23-2020,10:04:09,11.6|11.6|7.96|8.06|7.91|8.41|7.66|8.01|7.62|7.91|7.71,8.586363636363636
www.youtube.com,05-23-2020,10:04:09,7.74|7.78|8.02|7.27|8.26|7.81|7.81|7.61|7.65|7.46|7.42,7.711818181818182
www.youtube.com,05-23-2020,22:04:09,12.3|12.4|7.76|8.09|7.7|7.92|8.95|7.81|7.66|8.53|9.5,8.965454545454547
www.youtube.com,05-23-2020,22:04:09,9.11|7.42|7.91|10.0|8.59|7.5|7.8|9.39|8.44|7.69|7.8,8.33181818181818
www.youtube.com,05-24-2020,10:04:09,11.7|13.4|8.67|8.32|8.31|8.76|7.41|7.51|7.72|8.01|8.31,8.920000000000002
www.youtube.com,05-24-2020,10:04:09,11.4|12.7|7.71|7.92|7.87|8.06|7.81|8.07|7.81|15.6|9.09,9.458181818181819
www.youtube.com,05-24-2020,22:04:09,11.9|11.3|8.29|8.72|7.97|8.26|8.9|7.42|9.11|7.82|7.51,8.836363636363636
www.youtube.com,05-24-2020,22:04:09,7.91|7.96|8.27|8.05|7.57|7.6|8.11|7.77|7.92|7.51|7.81,7.861818181818182
www.youtube.com,05-25-2020,10:04:09,11.8|11.3|7.46|8.02|8.27|7.59|7.96|7.75|8.01|8.61|7.72,8.590000000000002
www.youtube.com,05-25-2020,10:04:09,11.5|11.5|8.53|9.22|8.37|8.05|8.22|9.17|7.63|7.72|7.87,8.889090909090909
www.youtube.com,05-25-2020,22:04:10,12.3|11.6|7.43|7.62|8.11|8.84|8.16|7.66|7.47|7.61|7.76,8.596363636363636
www.youtube.com,05-25-2020,22:04:10,11.7|11.4|8.07|9.56|7.47|8.05|8.27|8.92|7.82|8.86|9.07,9.017272727272728
www.youtube.com,05-26-2020,10:04:10,12.6|10.6|7.62|7.82|8.97|8.81|8.72|7.82|7.97|8.27|9.11,8.937272727272727
www.youtube.com,05-26-2020,10:04:10,12.8|11.3|7.42|7.92|7.86|7.71|7.45|7.67|7.77|7.39|8.16,8.495454545454544
www.youtube.com,05-26-2020,22:04:08,12.1|11.1|7.84|7.82|8.62|7.92|7.68|7.86|8.22|8.37|8.51,8.730909090909092
www.youtube.com,05-26-2020,22:04:08,11.5|11.5|7.78|8.38|7.56|8.15|8.58|8.28|7.92|7.98|7.72,8.668181818181818
