www.amazon.de,05-13-2020,10:04:09,19.5|12.7|8.52|8.62|9.07|10.5|9.25|8.82|8.55|8.92|8.67,10.283636363636363
www.amazon.de,05-13-2020,10:04:09,12.4|13.8|8.63|8.97|8.92|9.39|9.33|9.26|9.02|8.92|8.97,9.782727272727273
www.amazon.de,05-13-2020,22:04:10,15.6|13.7|8.32|8.72|9.42|9.54|17.8|9.28|10.2|8.77|9.1,10.95
www.amazon.de,05-13-2020,22:04:10,15.6|20.7|9.8|10.0|9.67|8.51|8.71|9.86|9.99|8.57|8.96,10.942727272727273
www.amazon.de,05-14-2020,10:04:09,12.8|11.9|10.0|8.72|8.87|8.62|9.81|9.61|9.07|10.5|10.2,10.00909090909091
www.amazon.de,05-14-2020,10:04:09,13.2|12.8|9.32|8.87|9.94|16.7|8.87|10.2|9.11|8.44|10.4,10.713636363636365
www.amazon.de,05-14-2020,22:04:09,12.5|10.5|8.51|8.26|7.46|7.64|7.85|8.73|7.85|7.85|8.74,8.717272727272725
www.amazon.de,05-14-2020,22:04:09,12.0|19.6|8.49|7.67|8.6|8.32|7.91|12.2|7.67|7.8|8.36,9.874545454545455
www.amazon.de,05-15-2020,10:04:10,12.7|10.5|9.67|15.2|8.23|8.12|7.56|8.21|8.62|8.42|7.47,9.518181818181818
www.amazon.de,05-15-2020,10:04:10,11.9|11.7|7.63|7.56|8.75|8.87|7.57|7.63|7.82|8.17|7.87,8.679090909090908
www.amazon.de,05-15-2020,22:04:10,12.3|13.8|7.64|8.77|11.6|8.41|7.82|12.2|9.18|8.63|19.6,10.904545454545454
www.amazon.de,05-15-2020,22:04:10,17.2|13.5|8.76|8.95|8.32|7.87|12.6|9.23|8.62|7.97|8.67,10.153636363636364
www.amazon.de,05-16-2020,10:04:09,13.5|12.8|8.87|8.92|9.11|8.65|9.06|16.5|9.29|16.3|8.82,11.074545454545454
www.amazon.de,05-16-2020,10:04:09,12.6|12.8|8.67|9.87|9.17|9.59|8.86|9.21|9.32|8.47|8.91,9.77
www.amazon.de,05-16-2020,22:04:09,16.4|13.6|10.4|8.95|9.66|9.9|10.0|8.62|9.02|8.97|10.2,10.52
www.amazon.de,05-16-2020,22:04:09,21.1|12.8|8.78|8.5|10.2|9.34|9.12|9.22|10.0|9.56|9.02,10.694545454545455
www.amazon.de,05-17-2020,10:04:10,16.7|13.6|8.95|9.4|9.2|8.65|10.6|8.82|9.05|9.68|8.58,10.293636363636365
www.amazon.de,05-17-2020,10:04:10,21.4|13.7|9.7|9.4|9.4|16.1|9.14|8.99|8.56|9.0|10.1,11.408181818181818
www.amazon.de,05-17-2020,22:04:09,12.6|12.8|8.28|7.96|7.83|9.26|7.82|8.96|7.62|7.87|8.22,9.020000000000001
www.amazon.de,05-17-2020,22:04:09,20.2|10.7|8.12|8.12|8.52|8.52|8.16|8.87|8.27|7.87|7.62,9.542727272727275
www.amazon.de,05-18-2020,10:04:10,12.6|10.9|8.05|9.79|8.01|8.05|7.97|8.4|8.06|8.86|8.83,9.047272727272729
www.amazon.de,05-18-2020,10:04:10,13.3|12.5|9.21|7.85|7.64|8.56|9.25|7.76|9.01|8.66|14.3,9.82181818181818
www.amazon.de,05-18-2020,22:04:10,11.7|12.9|8.57|9.81|14.9|7.78|15.2|14.5|8.43|8.62|8.22,10.966363636363637
www.amazon.de,05-18-2020,22:04:10,12.5|15.8|8.58|8.17|8.67|8.07|8.37|8.22|8.62|8.17|7.89,9.36909090909091
www.amazon.de,05-19-2020,10:04:09,12.5|11.7|8.82|8.67|9.47|8.57|9.2|9.02|8.84|9.97|8.71,9.588181818181818
www.amazon.de,05-19-2020,10:04:09,13.0|12.9|9.22|8.91|8.87|9.21|8.67|8.62|8.62|8.86|8.47,9.577272727272728
www.amazon.de,05-19-2020,22:04:12,11.9|12.0|8.28|8.27|8.02|8.2|7.61|7.91|7.97|7.77|7.75,8.698181818181817
www.amazon.de,05-19-2020,22:04:12,14.1|11.6|8.38|8.22|8.45|7.87|7.66|7.86|8.07|8.11|8.62,8.994545454545456
www.amazon.de,05-20-2020,10:04:10,11.9|12.9|7.62|7.95|7.66|7.6|7.96|16.4|7.69|7.96|7.97,9.41909090909091
www.amazon.de,05-20-2020,10:04:10,12.2|25.7|7.85|7.92|9.02|7.62|7.67|7.97|7.92|7.92|8.02,9.982727272727272
www.amazon.de,05-20-2020,22:04:09,14.7|14.8|9.78|15.9|8.83|8.72|8.51|10.2|8.51|8.92|8.86,10.702727272727273
www.amazon.de,05-20-2020,22:04:09,21.6|14.6|8.92|10.9|10.2|9.04|8.91|10.9|9.72|9.41|8.66,11.169090909090908
www.amazon.de,05-21-2020,10:04:09,11.6|11.7|7.92|7.97|8.31|9.22|7.82|7.66|8.29|8.81|8.22,8.865454545454547
www.amazon.de,05-21-2020,10:04:09,12.3|11.6|7.88|7.82|7.99|26.6|8.3|8.36|7.97|8.02|8.22,10.459999999999999
www.amazon.de,05-21-2020,22:04:10,12.7|12.8|12.9|9.39|8.52|8.66|9.3|8.69|9.85|9.82|8.48,10.100909090909092
www.amazon.de,05-21-2020,22:04:10,13.1|12.7|8.63|8.5|8.61|8.8|8.51|8.63|8.54|8.96|8.68,9.423636363636364
www.amazon.de,05-22-2020,10:04:09,12.3|11.9|8.45|7.85|7.9|8.19|8.0|7.79|7.59|7.65|8.2,8.710909090909091
www.amazon.de,05-22-2020,10:04:09,11.8|12.0|7.67|7.94|7.44|8.05|7.64|7.79|7.71|7.89|9.44,8.67
www.amazon.de,05-22-2020,22:04:09,12.8|15.8|9.0|9.35|9.07|8.61|8.84|9.21|8.68|8.97|9.24,9.960909090909091
www.amazon.de,05-22-2020,22:04:09,13.0|12.8|8.76|9.8|8.65|8.4|9.26|16.4|8.83|8.99|10.1,10.453636363636361
www.amazon.de,05-23-2020,10:04:09,11.9|10.8|8.37|7.63|16.3|7.62|7.67|7.61|7.95|8.02|7.56,9.22090909090909
www.amazon.de,05-23-2020,10:04:09,12.9|12.7|9.18|9.82|8.7|8.62|8.7|8.51|9.01|8.62|8.87,9.602727272727273
www.amazon.de,05-23-2020,22:04:09,12.1|11.8|8.36|8.06|7.91|8.18|8.37|7.72|8.16|7.57|8.62,8.804545454545455
www.amazon.de,05-23-2020,22:04:09,11.5|11.8|7.79|8.04|8.35|8.03|7.59|8.29|7.51|8.09|8.46,8.677272727272726
www.amazon.de,05-24-2020,10:04:09,12.0|10.5|7.92|7.8|7.91|7.92|7.77|8.02|7.92|7.47|8.07,8.481818181818182
www.amazon.de,05-24-2020,10:04:09,19.0|10.7|7.42|7.52|7.35|7.66|7.47|7.37|7.41|7.57|7.91,8.852727272727272
www.amazon.de,05-24-2020,22:04:09,12.6|12.9|8.82|8.52|9.42|9.0|15.7|8.73|8.99|8.77|8.72,10.197272727272725
www.amazon.de,05-24-2020,22:04:09,12.4|17.9|10.3|8.27|9.62|9.31|9.31|8.72|8.62|8.46|8.87,10.161818181818182
www.amazon.de,05-25-2020,10:04:09,12.5|13.0|9.37|8.61|9.31|9.9|9.31|8.67|9.02|8.72|8.97,9.76181818181818
www.amazon.de,05-25-2020,10:04:09,12.4|12.9|8.85|8.96|8.42|8.82|8.41|8.94|10.0|8.62|9.42,9.612727272727273
www.amazon.de,05-25-2020,22:04:10,12.8|13.9|8.73|8.46|8.67|8.47|9.11|9.28|8.75|8.47|8.82,9.587272727272728
www.amazon.de,05-25-2020,22:04:10,13.3|12.4|8.47|9.84|8.57|9.86|9.11|8.62|8.42|10.6|9.57,9.887272727272727
www.amazon.de,05-26-2020,10:04:10,18.6|12.7|7.98|7.56|8.02|8.75|8.71|7.62|7.55|8.01|7.72,9.383636363636363
www.amazon.de,05-26-2020,10:04:10,12.3|11.7|7.88|7.57|8.08|9.59|8.51|7.57|7.96|8.41|7.57,8.83090909090909
www.amazon.de,05-26-2020,22:04:08,11.3|12.8|7.77|7.52|7.81|7.52|7.51|9.41|7.53|8.42|7.56,8.65
www.amazon.de,05-26-2020,22:04:08,11.9|11.5|7.63|7.77|7.47|7.67|7.81|7.86|8.07|7.37|7.96,8.455454545454545
