www.walmart.com,05-13-2020,10:04:09,11.5|12.7|7.92|8.17|8.42|9.37|8.5|8.67|7.33|8.34|7.22,8.921818181818182
www.walmart.com,05-13-2020,10:04:09,10.9|12.8|7.57|7.37|7.42|9.37|7.62|8.95|8.32|8.33|7.92,8.77909090909091
www.walmart.com,05-13-2020,22:04:10,13.0|11.8|7.91|7.71|8.16|7.48|10.1|7.95|15.9|16.0|7.68,10.335454545454546
www.walmart.com,05-13-2020,22:04:10,11.9|12.7|8.22|10.4|7.72|7.92|7.46|8.37|7.67|7.62|15.2,9.561818181818182
www.walmart.com,05-14-2020,10:04:09,19.1|11.7|8.31|7.57|7.11|8.52|7.5|7.27|8.61|7.61|8.46,9.25090909090909
www.walmart.com,05-14-2020,10:04:09,14.5|12.0|8.83|7.57|8.54|11.9|8.22|7.22|7.77|8.21|7.77,9.32090909090909
www.walmart.com,05-14-2020,22:04:09,12.8|11.8|17.9|8.62|9.53|9.4|8.64|9.69|9.06|8.58|9.45,10.497272727272728
www.walmart.com,05-14-2020,22:04:09,14.6|12.4|8.85|8.84|8.91|8.89|9.21|9.05|9.76|9.45|9.25,9.92818181818182
www.walmart.com,05-15-2020,10:04:10,13.1|12.6|8.67|7.73|7.87|7.52|8.21|7.47|7.69|7.96|8.02,8.803636363636361
www.walmart.com,05-15-2020,10:04:10,11.6|17.6|7.83|7.87|7.57|8.62|8.74|8.27|7.74|7.96|7.62,9.219999999999999
www.walmart.com,05-15-2020,22:04:10,11.2|11.9|7.48|10.2|10.0|8.87|8.87|8.57|8.59|7.61|7.97,9.205454545454545
www.walmart.com,05-15-2020,22:04:10,11.9|10.7|9.13|14.9|7.43|12.7|18.9|8.45|8.07|8.67|16.5,11.577272727272728
www.walmart.com,05-16-2020,10:04:09,11.4|11.9|8.11|7.76|8.06|7.77|7.96|8.42|8.52|8.29|8.17,8.76
www.walmart.com,05-16-2020,10:04:09,13.4|12.6|9.82|9.31|8.32|7.99|8.96|7.57|9.22|7.47|7.62,9.298181818181819
www.walmart.com,05-16-2020,22:04:09,14.1|11.0|7.38|8.41|7.97|7.32|7.91|8.07|7.49|7.81|8.87,8.757272727272728
www.walmart.com,05-16-2020,22:04:09,13.0|11.8|7.6|9.06|8.32|7.57|8.56|7.32|7.22|8.21|8.27,8.81181818181818
www.walmart.com,05-17-2020,10:04:10,13.4|12.8|7.65|8.74|8.75|8.34|7.9|8.89|7.85|7.4|8.5,9.110909090909091
www.walmart.com,05-17-2020,10:04:10,12.0|34.8|7.96|7.44|7.44|7.72|9.33|7.26|7.57|15.8|7.81,11.375454545454543
www.walmart.com,05-17-2020,22:04:09,11.0|11.8|8.12|8.92|8.01|9.42|7.31|7.86|8.76|7.68|8.56,8.858181818181817
www.walmart.com,05-17-2020,22:04:09,10.8|12.8|8.33|9.82|8.55|7.81|8.87|7.32|8.52|9.37|8.66,9.168181818181818
www.walmart.com,05-18-2020,10:04:10,12.2|11.8|9.19|7.56|9.09|8.04|8.65|8.03|7.5|7.86|7.75,8.879090909090909
www.walmart.com,05-18-2020,10:04:10,12.2|17.6|7.66|8.24|7.69|8.44|7.59|7.79|8.05|7.44|8.04,9.158181818181818
www.walmart.com,05-18-2020,22:04:10,14.3|17.5|8.83|10.2|8.45|9.0|13.4|8.6|8.87|9.71|8.82,10.69818181818182
www.walmart.com,05-18-2020,22:04:10,13.9|14.4|10.1|9.12|9.88|9.82|9.35|9.48|9.87|9.77|9.36,10.459090909090909
www.walmart.com,05-19-2020,10:04:09,11.4|11.8|8.02|7.87|7.69|7.32|8.31|7.92|7.46|8.76|8.17,8.610909090909091
www.walmart.com,05-19-2020,10:04:09,12.0|11.7|7.65|7.57|7.22|16.0|7.98|7.92|7.42|8.11|7.72,9.208181818181817
www.walmart.com,05-19-2020,22:04:12,11.4|10.9|7.66|8.51|7.66|9.12|7.62|7.27|7.76|7.56|7.51,8.451818181818183
www.walmart.com,05-19-2020,22:04:12,12.5|10.2|8.0|8.02|7.77|7.97|15.7|7.88|7.62|7.56|7.56,9.161818181818182
www.walmart.com,05-20-2020,10:04:10,12.0|15.9|7.59|7.42|8.12|7.37|9.72|8.02|7.6|7.21|7.66,8.964545454545453
www.walmart.com,05-20-2020,10:04:10,12.0|12.6|7.78|8.26|7.47|8.28|7.81|7.22|7.52|7.41|8.52,8.624545454545453
www.walmart.com,05-20-2020,22:04:09,11.4|11.7|7.73|7.67|8.01|7.37|7.43|7.46|8.81|8.32|9.84,8.703636363636365
www.walmart.com,05-20-2020,22:04:09,11.7|11.1|10.1|7.51|7.97|7.82|9.66|7.82|7.92|7.77|8.51,8.898181818181818
www.walmart.com,05-21-2020,10:04:09,12.2|11.8|7.57|7.57|7.62|7.54|8.01|7.32|7.67|8.07|7.92,8.480909090909092
www.walmart.com,05-21-2020,10:04:09,10.9|10.9|8.13|8.06|8.01|7.69|7.36|7.96|8.22|8.91|8.22,8.578181818181818
www.walmart.com,05-21-2020,22:04:10,11.3|11.8|7.65|9.0|23.3|8.71|8.07|7.79|7.75|7.76|7.75,10.08
www.walmart.com,05-21-2020,22:04:10,20.2|11.7|7.5|7.53|7.64|7.48|7.86|7.41|7.68|7.39|8.06,9.131818181818183
www.walmart.com,05-22-2020,10:04:09,12.3|10.8|7.65|10.1|7.55|7.15|8.89|7.6|7.94|7.85|8.05,8.716363636363637
www.walmart.com,05-22-2020,10:04:09,11.3|12.9|7.9|7.8|7.76|7.56|7.95|8.14|8.22|8.11|7.31,8.631818181818183
www.walmart.com,05-22-2020,22:04:09,11.4|10.9|8.15|7.7|7.49|7.5|9.35|7.75|8.39|7.57|7.84,8.54909090909091
www.walmart.com,05-22-2020,22:04:09,19.4|14.2|7.48|10.6|7.62|7.92|7.51|7.58|8.0|7.32|7.98,9.600909090909092
www.walmart.com,05-23-2020,10:04:09,12.4|12.7|7.83|7.87|7.84|7.2|8.31|7.62|7.86|7.77|7.52,8.629090909090907
www.walmart.com,05-23-2020,10:04:09,12.3|11.7|7.53|7.35|9.73|8.26|7.51|7.61|7.41|7.32|8.96,8.69818181818182
www.walmart.com,05-23-2020,22:04:09,11.3|11.8|7.4|8.35|7.5|8.8|7.46|7.95|8.3|7.85|8.92,8.693636363636363
www.walmart.com,05-23-2020,22:04:09,11.6|11.8|9.75|10.4|7.28|7.94|7.36|8.5|7.4|7.7|7.93,8.878181818181817
www.walmart.com,05-24-2020,10:04:09,11.4|11.2|7.22|7.56|7.37|7.57|7.77|7.74|7.65|7.86|7.31,8.240909090909092
www.walmart.com,05-24-2020,10:04:09,11.8|11.7|7.47|8.62|7.47|7.66|7.58|7.61|7.27|8.96|7.92,8.550909090909089
www.walmart.com,05-24-2020,22:04:09,12.0|15.7|7.59|7.83|8.03|7.68|8.51|7.42|7.17|7.52|7.56,8.819090909090908
www.walmart.com,05-24-2020,22:04:09,12.4|11.6|7.66|7.57|7.96|8.22|7.82|7.96|7.42|7.57|7.46,8.512727272727274
www.walmart.com,05-25-2020,10:04:09,12.3|10.6|7.67|7.44|7.61|7.92|7.67|8.72|7.52|8.71|7.67,8.53
www.walmart.com,05-25-2020,10:04:09,16.7|11.6|7.22|7.6|7.62|8.25|7.57|7.61|7.87|7.66|7.96,8.878181818181817
www.walmart.com,05-25-2020,22:04:10,13.1|11.8|8.68|7.87|7.86|8.17|7.3|7.17|7.77|7.72|7.76,8.654545454545454
www.walmart.com,05-25-2020,22:04:10,12.1|10.9|7.58|7.67|7.41|7.52|7.32|7.62|7.57|7.57|7.41,8.242727272727272
www.walmart.com,05-26-2020,10:04:10,12.2|11.8|7.42|7.86|7.7|7.76|7.92|8.21|7.42|7.51|8.01,8.52818181818182
www.walmart.com,05-26-2020,10:04:10,11.3|11.7|7.98|7.62|7.82|7.5|8.01|9.72|9.57|7.96|8.01,8.835454545454546
www.walmart.com,05-26-2020,22:04:08,13.0|12.7|7.17|7.97|7.87|9.06|7.85|7.97|7.82|7.61|8.21,8.839090909090908
www.walmart.com,05-26-2020,22:04:08,12.6|26.8|8.75|7.72|7.34|8.51|7.86|8.67|7.47|8.12|7.87,10.155454545454546
