www.reddit.com,05-12-2020,12:36:56,10.9|19.1|15.1|12.7|12.5|14.5|17.7|12.2|12.7|24.3,15.169999999999998
www.reddit.com,05-12-2020,12:36:56,12.2|16.2|13.9|18.0|12.2|12.3|18.3|62.4|62.4|28.8|43.4,27.281818181818178
www.reddit.com,05-12-2020,14:06:55,20.1|12.5|13.0|16.5|12.4|19.2|14.3|18.8|13.3|13.0|12.0,15.009090909090911
www.reddit.com,05-12-2020,14:06:55,16.6|16.1|22.7|13.4|13.2|26.3|16.1|12.5|27.3|16.2|15.8,17.83636363636364
www.reddit.com,05-13-2020,12:55:58,12.3|11.7|13.1|16.5|11.4|16.6|10.3|10.5|11.3|11.1|9.37,12.197272727272725
www.reddit.com,05-13-2020,12:55:58,11.7|11.0|16.3|10.9|10.6|22.8|13.3|11.5|12.0|11.3|18.8,13.654545454545456
www.reddit.com,05-13-2020,14:06:06,10.8|10.6|12.1|10.2|11.0|12.2|11.1|10.6|11.0|12.2|10.3,11.1
www.reddit.com,05-13-2020,14:06:06,14.0|12.6|26.0|18.6|11.4|11.3|11.1|11.1|14.4|12.3|11.0,13.981818181818182
www.reddit.com,05-14-2020,12:36:22,27.1|17.8|17.9|21.1|13.2|14.5|15.9|16.2|12.2|21.2,17.709999999999997
www.reddit.com,05-14-2020,12:36:22,14.3|12.8|35.1|17.6|24.2|19.8|14.3|12.5|20.8|13.2,18.46
www.reddit.com,05-14-2020,14:06:08,11.7|14.5|14.2|16.6|20.4|16.0|18.2|11.5|14.3|12.2|15.5,15.009090909090908
www.reddit.com,05-14-2020,14:06:08,12.7|17.4|12.5|11.1|15.8|12.1|12.0|19.7|13.4|12.7|12.1,13.772727272727273
www.reddit.com,05-15-2020,12:36:10,12.5|12.9|11.2|12.9|15.9|17.1|20.9|11.2|15.8|14.0|13.5,14.354545454545455
www.reddit.com,05-15-2020,12:36:10,11.2|14.6|12.6|11.3|13.4|13.1|17.5|14.2|14.2|13.8|14.1,13.636363636363637
www.reddit.com,05-15-2020,14:06:10,14.7|30.3|16.6|11.5|10.2|14.2|13.4|12.5|26.1|33.2|44.1,20.618181818181817
www.reddit.com,05-15-2020,14:06:10,15.6|17.4|16.3|19.3|63.4|15.1|15.3|12.4|21.6|15.9,21.23
www.reddit.com,05-16-2020,12:36:21,13.1|10.8|12.3|11.1|11.7|11.9|10.7|13.3|11.0|11.4,11.73
www.reddit.com,05-16-2020,12:36:21,12.6|13.3|11.0|19.1|11.3|12.0|11.3|12.1|12.0|20.3,13.5
www.reddit.com,05-16-2020,14:06:22,11.4|11.4|14.1|19.3|25.1|12.4|11.9|20.2|13.1|12.0|19.7,15.509090909090908
www.reddit.com,05-16-2020,14:06:22,10.9|26.1|17.8|12.2|24.0|19.3|12.4|13.1|11.9|12.3|11.9,15.62727272727273
www.reddit.com,05-17-2020,12:36:33,11.2|17.6|15.2|13.8|11.6|15.4|16.3|16.6|15.3|19.0,15.2
www.reddit.com,05-17-2020,12:36:33,29.4|12.8|17.2|18.2|14.2|16.3|14.7|11.4|14.9|12.9,16.2
www.reddit.com,05-17-2020,14:06:27,11.7|11.9|12.1|13.2|12.3|13.1|12.5|14.7|19.1|12.2,13.279999999999998
www.reddit.com,05-17-2020,14:06:27,21.4|12.6|24.0|12.3|16.2|18.8|12.0|12.1|12.7|12.7,15.479999999999999
www.reddit.com,05-18-2020,12:36:17,10.7|20.8|19.5|20.3|11.7|38.7|18.6|11.0|11.2|20.5,18.3
www.reddit.com,05-18-2020,12:36:17,12.1|15.2|12.3|13.1|12.0|19.5|12.2|13.2|11.7|12.1,13.34
www.reddit.com,05-18-2020,14:06:28,14.0|21.9|17.8|13.4|14.4|13.5|12.1|11.6|14.5|13.2|12.8,14.47272727272727
www.reddit.com,05-18-2020,14:06:28,11.9|12.3|13.2|18.1|14.3|13.2|12.5|12.6|12.3|14.3,13.469999999999999
