www.letgo.com,05-12-2020,15:30:01,176.0|158.0|378.0|578.0|106.0|634.0|46.7|60.7|629.0|561.0|84.1,310.1363636363636
www.letgo.com,05-12-2020,15:30:01,97.6|390.0|59.6|68.6|75.5|229.0|450.0|55.6|95.2|62.7|73.6,150.6727272727273
www.letgo.com,05-12-2020,22:00:01,68.4|67.8|78.2|79.1|75.4|49.8|66.8|75.6|57.6|74.3|51.4,67.67272727272726
www.letgo.com,05-12-2020,22:00:01,57.2|76.9|79.8|99.0|57.1|99.2|286.0|292.0|133.0|597.0|177.0,177.65454545454546
www.letgo.com,05-13-2020,15:30:02,61.4|81.6|54.7|56.0|221.0|158.0|128.0|141.0|83.7|86.9|62.7,103.1818181818182
www.letgo.com,05-13-2020,15:30:02,60.1|59.8|91.3|55.0|61.1|75.0|76.2|44.1|70.3|66.3|64.9,65.82727272727271
www.letgo.com,05-13-2020,22:00:01,130.0|49.4|54.8|275.0|309.0|153.0|167.0|193.0|135.0|727.0|67.7,205.5363636363636
www.letgo.com,05-13-2020,22:00:01,47.2|93.3|112.0|364.0|65.4|113.0|55.2|531.0|586.0|127.0|378.0,224.73636363636362
www.letgo.com,05-14-2020,15:30:01,59.1|56.5|56.2|168.0|184.0|197.0|177.0|67.4|60.7|64.4|68.2,105.31818181818181
www.letgo.com,05-14-2020,15:30:01,43.1|59.2|53.5|44.4|53.8|60.5|58.0|69.1|65.3|67.0|68.0,58.354545454545466
www.letgo.com,05-14-2020,22:00:01,84.8|45.4|70.7|162.0|197.0|212.0|222.0|63.5|83.1|45.6|64.7,113.7090909090909
www.letgo.com,05-14-2020,22:00:01,48.9|81.0|47.3|57.6|45.4|88.2|86.1|74.5|70.5|61.0|70.2,66.42727272727274
www.letgo.com,05-15-2020,15:30:01,170.0|362.0|970.0|219.0|1369.0|1032.0|649.0|648.0|96.1|163.0|175.0,532.1
www.letgo.com,05-15-2020,15:30:01,58.7|62.4|374.0|89.4|688.0|421.0|63.6|2139.0|1105.0|656.0|740.0,581.5545454545455
www.letgo.com,05-15-2020,22:00:01,370.0|134.0|148.0|164.0|63.0|37.9|47.4|56.1|48.1|66.5|77.2,110.2
www.letgo.com,05-15-2020,22:00:01,72.2|63.4|51.7|49.1|151.0|109.0|144.0|112.0|60.5|106.0|131.0,95.44545454545455
www.letgo.com,05-16-2020,15:30:01,325.0|825.0|1058.0|251.0|1094.0|53.6|520.0|138.0|258.0|56.1|260.0,439.88181818181823
www.letgo.com,05-16-2020,15:30:01,56.9|1084.0|1044.0|1018.0|319.0|181.0|136.0|980.0|481.0|217.0|172.0,517.1727272727272
www.letgo.com,05-16-2020,22:00:01,296.0|310.0|495.0|46.6|76.5|102.0|240.0|116.0|180.0|150.0|61.8,188.53636363636363
www.letgo.com,05-16-2020,22:00:01,50.8|55.8|838.0|59.3|46.4|254.0|132.0|427.0|146.0|125.0|50.6,198.62727272727273
www.letgo.com,05-17-2020,15:30:01,420.0|526.0|159.0|797.0|300.0|363.0|293.0|741.0|588.0|80.6|275.0,412.9636363636364
www.letgo.com,05-17-2020,15:30:01,449.0|94.1|857.0|318.0|977.0|379.0|842.0|56.1|104.0|126.0|129.0,393.74545454545455
www.letgo.com,05-17-2020,22:00:01,50.9|170.0|236.0|591.0|448.0|63.8|801.0|191.0|70.6|301.0|215.0,285.29999999999995
www.letgo.com,05-17-2020,22:00:01,87.2|460.0|158.0|97.0|66.1|450.0|167.0|516.0|387.0|97.8|64.1,231.83636363636367
www.letgo.com,05-18-2020,15:30:01,58.3|154.0|291.0|135.0|151.0|52.4|97.4|50.2|66.0|72.6|81.2,109.91818181818181
www.letgo.com,05-18-2020,15:30:01,62.1|69.7|62.4|73.7|62.4|62.8|95.3|56.3|55.0|71.6|44.1,65.03636363636363
www.letgo.com,05-18-2020,22:00:01,55.6|68.5|184.0|287.0|313.0|191.0|55.6|81.0|67.6|55.4|88.5,131.56363636363636
www.letgo.com,05-18-2020,22:00:01,79.9|60.5|140.0|60.8|63.7|79.0|81.5|48.4|83.2|104.0|109.0,82.72727272727273
www.letgo.com,05-19-2020,15:30:01,40.7|36.7|37.4|78.6|211.0|89.9|98.4|40.2|36.7|50.2|43.7,69.40909090909092
www.letgo.com,05-19-2020,15:30:01,37.0|45.8|37.6|35.1|34.7|76.7|37.3|44.9|48.2|44.2|73.2,46.790909090909096
www.letgo.com,05-19-2020,22:00:02,34.1|36.9|36.8|123.0|154.0|137.0|146.0|47.2|34.1|35.7|39.9,74.97272727272728
www.letgo.com,05-19-2020,22:00:02,40.3|33.8|36.8|34.3|39.4|34.6|34.5|35.4|34.9|34.2|36.6,35.89090909090909
www.letgo.com,05-20-2020,15:30:01,35.3|33.6|32.8|33.2|90.4|70.4|98.4|133.0|34.9|33.1|34.3,57.21818181818182
www.letgo.com,05-20-2020,15:30:01,33.7|34.0|32.6|36.3|47.1|34.9|32.9|37.3|32.5|32.8|34.2,35.300000000000004
www.letgo.com,05-20-2020,22:00:01,46.4|38.7|41.8|42.2|65.7|164.0|177.0|58.9|37.7|44.2|37.9,68.59090909090911
www.letgo.com,05-20-2020,22:00:01,37.1|38.9|43.5|40.6|39.7|41.8|40.3|38.7|39.1|40.8|37.3,39.800000000000004
www.letgo.com,05-21-2020,15:30:01,66.5|71.1|103.0|99.4|86.5|193.0|398.0|262.0|279.0|121.0|134.0,164.86363636363637
www.letgo.com,05-21-2020,15:30:01,75.8|92.5|119.0|76.6|107.0|85.9|41.3|40.1|40.4|44.5|53.5,70.60000000000001
www.letgo.com,05-21-2020,22:00:01,45.3|44.3|38.1|43.9|55.4|48.8|221.0|231.0|244.0|92.1|38.7,100.23636363636365
www.letgo.com,05-21-2020,22:00:01,44.1|39.8|51.6|39.5|39.7|43.0|40.5|39.5|39.7|40.1|41.3,41.70909090909091
www.letgo.com,05-22-2020,15:30:01,38.1|39.5|39.6|38.8|40.3|44.1|41.3|42.1|43.2|38.3|38.2,40.31818181818182
www.letgo.com,05-22-2020,15:30:01,38.4|40.3|43.0|39.9|40.7|39.4|40.9|40.0|41.1|42.2|41.1,40.63636363636364
www.letgo.com,05-22-2020,22:00:01,37.5|51.1|42.2|41.0|43.3|54.5|42.1|114.0|147.0|161.0|42.1,70.52727272727273
www.letgo.com,05-22-2020,22:00:01,41.1|39.1|38.9|40.2|44.9|40.8|41.4|39.6|40.6|40.3|42.1,40.81818181818182
www.letgo.com,05-23-2020,15:30:01,78.1|38.4|36.1|39.1|36.1|40.2|38.4|49.6|39.8|41.2|45.3,43.845454545454544
www.letgo.com,05-23-2020,15:30:01,39.1|38.1|49.1|42.9|37.6|40.5|39.4|43.5|40.3|44.1|38.3,41.17272727272728
www.letgo.com,05-23-2020,22:00:02,48.9|47.4|40.6|38.3|39.2|38.6|40.3|40.2|39.4|36.1|39.0,40.72727272727273
www.letgo.com,05-23-2020,22:00:02,38.6|42.4|39.2|40.0|113.0|139.0|152.0|39.1|40.8|40.2|48.6,66.62727272727273
www.letgo.com,05-24-2020,15:30:01,36.1|49.4|40.8|39.4|41.8|39.2|41.2|44.8|38.6|39.7|74.9,44.17272727272727
www.letgo.com,05-24-2020,15:30:01,47.4|42.4|39.3|68.7|38.4|109.0|282.0|313.0|107.0|60.6|48.3,105.1
www.letgo.com,05-24-2020,22:00:01,42.1|47.9|98.7|48.9|39.1|40.1|39.1|41.4|38.3|111.0|126.0,61.145454545454534
www.letgo.com,05-24-2020,22:00:01,38.5|39.6|55.4|38.2|99.1|75.2|39.9|52.7|39.8|40.9|41.4,50.97272727272727
www.letgo.com,05-25-2020,15:30:01,39.8|42.6|49.9|43.2|41.7|41.8|62.4|43.2|39.3|109.0|42.1,50.45454545454547
www.letgo.com,05-25-2020,15:30:01,40.1|47.3|43.7|39.9|40.1|39.7|41.0|40.1|43.6|40.1|39.6,41.38181818181818
www.letgo.com,05-25-2020,22:00:01,45.5|40.1|40.9|41.9|39.1|39.9|39.6|41.1|43.2|79.2|147.0,54.31818181818182
www.letgo.com,05-25-2020,22:00:01,42.1|40.4|39.9|41.4|39.7|42.6|41.9|140.0|41.0|40.9|42.5,50.218181818181826
