www.cnn.com,05-12-2020,15:30:01,71.3|133.0|44.6|64.7|96.3|41.0|535.0|84.6|160.0|121.0|56.5,128.0
www.cnn.com,05-12-2020,15:30:01,136.0|68.7|386.0|63.3|83.3|166.0|81.1|184.0|105.0|62.6|64.1,127.28181818181817
www.cnn.com,05-12-2020,22:00:01,74.0|65.6|63.1|59.3|66.4|56.5|59.8|59.3|62.4|64.9|47.3,61.69090909090908
www.cnn.com,05-12-2020,22:00:01,152.0|169.0|162.0|78.4|56.8|65.9|77.0|69.4|55.6|67.2|80.6,93.9909090909091
www.cnn.com,05-13-2020,15:30:02,58.6|178.0|278.0|294.0|48.7|71.2|51.3|87.1|38.6|79.8|61.7,113.36363636363636
www.cnn.com,05-13-2020,15:30:02,53.9|51.8|82.9|81.9|60.6|46.2|59.0|79.1|62.8|75.9|62.5,65.14545454545454
www.cnn.com,05-13-2020,22:00:01,58.9|109.0|263.0|95.3|649.0|84.8|57.7|109.0|202.0|261.0|104.0,181.24545454545455
www.cnn.com,05-13-2020,22:00:01,352.0|125.0|424.0|399.0|479.0|52.9|66.4|430.0|143.0|117.0|64.7,241.1818181818182
www.cnn.com,05-14-2020,15:30:01,62.1|39.7|212.0|144.0|157.0|51.1|62.4|54.7|51.6|55.9|65.9,86.94545454545454
www.cnn.com,05-14-2020,15:30:01,62.4|59.8|44.1|56.1|57.2|61.4|54.1|53.1|72.5|70.1|49.8,58.23636363636364
www.cnn.com,05-14-2020,22:00:01,125.0|263.0|276.0|288.0|55.8|62.4|62.9|76.1|67.9|69.8|64.6,128.3181818181818
www.cnn.com,05-14-2020,22:00:01,64.1|60.1|63.4|66.2|55.5|65.1|66.9|72.4|56.4|82.2|59.8,64.73636363636363
www.cnn.com,05-15-2020,15:30:01,58.5|73.3|74.7|103.0|55.7|47.5|228.0|278.0|56.7|57.9|66.5,99.9818181818182
www.cnn.com,05-15-2020,15:30:01,50.4|154.0|40.5|69.3|54.7|46.7|54.6|64.8|82.4|62.9|50.1,66.39999999999999
www.cnn.com,05-15-2020,22:00:01,71.7|76.5|61.6|77.3|75.1|60.0|55.6|71.6|49.9|69.3|67.7,66.93636363636364
www.cnn.com,05-15-2020,22:00:01,67.0|37.9|41.3|59.6|54.6|53.7|55.4|73.3|45.9|67.1|51.6,55.21818181818182
www.cnn.com,05-16-2020,15:30:01,156.0|1089.0|78.6|720.0|969.0|116.0|343.0|189.0|462.0|195.0|514.0,439.23636363636365
www.cnn.com,05-16-2020,15:30:01,477.0|1516.0|907.0|561.0|49.7|603.0|626.0|206.0|157.0|357.0|76.8,503.3181818181818
www.cnn.com,05-16-2020,22:00:01,144.0|51.3|188.0|776.0|92.4|104.0|184.0|72.0|169.0|273.0|110.0,196.7
www.cnn.com,05-16-2020,22:00:01,175.0|84.3|107.0|129.0|206.0|67.4|62.8|43.1|83.2|148.0|52.8,105.32727272727271
www.cnn.com,05-17-2020,15:30:01,978.0|998.0|74.1|373.0|356.0|415.0|394.0|743.0|105.0|605.0|440.0,498.2818181818182
www.cnn.com,05-17-2020,15:30:01,46.4|650.0|76.5|458.0|352.0|681.0|421.0|149.0|43.3|459.0|107.0,313.01818181818186
www.cnn.com,05-17-2020,22:00:01,48.6|290.0|179.0|318.0|79.3|164.0|295.0|510.0|45.1|93.9|289.0,210.1727272727273
www.cnn.com,05-17-2020,22:00:01,287.0|140.0|324.0|202.0|154.0|222.0|54.7|241.0|60.4|296.0|290.0,206.4636363636364
www.cnn.com,05-18-2020,15:30:01,159.0|173.0|93.5|59.9|78.8|72.4|54.3|65.4|51.0|57.6|55.1,83.63636363636364
www.cnn.com,05-18-2020,15:30:01,53.9|54.4|50.7|68.2|93.1|73.3|62.9|61.8|62.7|76.6|58.6,65.10909090909091
www.cnn.com,05-18-2020,22:00:01,64.0|82.4|102.0|59.8|68.9|53.8|66.2|51.9|49.5|75.6|44.1,65.2909090909091
www.cnn.com,05-18-2020,22:00:01,59.8|61.3|67.5|48.2|101.0|77.1|87.9|45.4|214.0|67.1|44.7,79.45454545454547
www.cnn.com,05-19-2020,15:30:01,36.2|38.2|38.7|35.9|124.0|91.3|106.0|114.0|35.8|72.7|38.9,66.51818181818182
www.cnn.com,05-19-2020,15:30:01,36.5|38.3|36.3|37.3|38.1|35.5|44.9|37.7|39.1|37.4|37.6,38.06363636363636
www.cnn.com,05-19-2020,22:00:02,46.1|35.7|33.8|37.5|107.0|134.0|143.0|160.0|38.4|35.5|35.0,73.27272727272727
www.cnn.com,05-19-2020,22:00:02,35.6|37.8|35.5|35.3|35.1|39.6|56.5|47.8|41.6|37.6|35.6,39.81818181818182
www.cnn.com,05-20-2020,15:30:01,32.7|32.8|33.9|42.6|32.5|33.2|125.0|145.0|182.0|82.5|41.3,71.22727272727273
www.cnn.com,05-20-2020,15:30:01,45.6|33.7|33.0|34.2|39.0|32.1|35.0|34.3|38.5|34.5|34.8,35.88181818181818
www.cnn.com,05-20-2020,22:00:01,40.4|42.8|46.3|40.5|96.1|164.0|50.8|72.3|35.6|39.8|40.3,60.809090909090905
www.cnn.com,05-20-2020,22:00:01,40.3|41.7|37.4|44.8|37.6|43.5|36.1|42.3|48.5|47.9|40.5,41.87272727272727
www.cnn.com,05-21-2020,15:30:01,80.8|46.3|45.6|43.8|38.8|213.0|79.1|93.9|115.0|44.4|50.8,77.40909090909089
www.cnn.com,05-21-2020,15:30:01,41.7|45.3|43.5|38.0|41.5|45.7|42.8|43.1|65.0|47.1|42.4,45.1
www.cnn.com,05-21-2020,22:00:01,40.0|47.3|98.4|39.1|39.3|79.6|143.0|158.0|44.0|47.4|43.5,70.87272727272727
www.cnn.com,05-21-2020,22:00:01,38.3|46.4|104.0|98.8|49.7|63.8|44.1|60.1|46.2|46.5|41.9,58.16363636363636
www.cnn.com,05-22-2020,15:30:01,40.9|39.6|41.8|38.9|41.4|42.2|38.5|40.9|40.9|41.2|39.3,40.50909090909091
www.cnn.com,05-22-2020,15:30:01,39.8|49.5|41.1|40.4|41.3|45.7|39.7|40.9|42.6|39.3|41.5,41.981818181818184
www.cnn.com,05-22-2020,22:00:01,38.5|43.5|39.2|39.4|39.6|38.6|217.0|84.1|102.0|246.0|40.4,84.39090909090909
www.cnn.com,05-22-2020,22:00:01,39.1|37.9|40.4|41.2|39.1|74.4|40.1|40.8|42.2|40.9|39.3,43.21818181818182
www.cnn.com,05-23-2020,15:30:01,39.2|38.7|38.0|56.1|37.9|37.7|37.9|39.1|38.6|38.6|41.1,40.26363636363637
www.cnn.com,05-23-2020,15:30:01,36.7|41.2|80.3|36.7|51.7|37.1|38.3|37.7|39.6|43.3|64.3,46.08181818181819
www.cnn.com,05-23-2020,22:00:02,40.6|41.5|45.7|40.3|40.2|41.1|37.9|42.4|38.1|41.2|46.3,41.3909090909091
www.cnn.com,05-23-2020,22:00:02,38.4|42.7|39.0|40.2|101.0|67.7|214.0|103.0|40.4|39.8|46.1,70.2090909090909
www.cnn.com,05-24-2020,15:30:01,56.7|46.1|41.5|44.9|63.9|61.7|40.6|50.9|47.3|41.3|50.1,49.54545454545455
www.cnn.com,05-24-2020,15:30:01,68.3|50.1|55.1|67.2|115.0|223.0|256.0|443.0|49.4|53.8|44.9,129.61818181818182
www.cnn.com,05-24-2020,22:00:01,73.3|38.1|38.6|39.1|37.8|39.6|37.1|57.7|126.0|275.0|164.0,84.20909090909092
www.cnn.com,05-24-2020,22:00:01,40.1|38.7|39.0|73.1|49.9|42.8|37.7|38.7|193.0|41.6|42.9,57.95454545454545
www.cnn.com,05-25-2020,15:30:01,42.5|39.3|39.9|40.5|40.1|41.9|41.1|188.0|165.0|136.0|41.9,74.19999999999999
www.cnn.com,05-25-2020,15:30:01,41.2|40.7|40.1|43.5|41.5|41.6|42.1|41.7|40.7|40.8|40.7,41.32727272727272
www.cnn.com,05-25-2020,22:00:01,41.1|38.8|43.1|41.2|40.4|41.1|40.8|129.0|56.5|72.3|89.3,57.599999999999994
www.cnn.com,05-25-2020,22:00:01,40.5|41.8|40.5|45.6|40.5|39.7|57.8|41.3|41.2|41.8|39.8,42.77272727272727
