www.mayoclinic.org,05-12-2020,15:30:01,22.1|105.0|43.2|31.2|35.8|53.7|25.2|153.0|43.5|150.0|188.0,77.33636363636364
www.mayoclinic.org,05-12-2020,15:30:01,208.0|177.0|191.0|69.5|72.3|24.3|594.0|90.4|155.0|549.0|122.0,204.77272727272728
www.mayoclinic.org,05-12-2020,22:00:01,40.7|27.9|40.5|45.2|43.5|48.8|27.4|38.3|61.8|43.5|64.7,43.845454545454544
www.mayoclinic.org,05-12-2020,22:00:01,65.4|34.8|41.1|41.1|36.6|44.9|44.7|52.2|43.4|44.7|48.5,45.21818181818182
www.mayoclinic.org,05-13-2020,15:30:02,30.9|44.5|40.1|40.1|33.5|36.1|40.6|37.6|36.0|48.2|32.4,38.18181818181818
www.mayoclinic.org,05-13-2020,15:30:02,35.0|37.3|38.3|39.4|52.7|41.7|26.7|27.5|43.9|33.6|35.8,37.445454545454545
www.mayoclinic.org,05-13-2020,22:00:01,284.0|534.0|97.3|492.0|231.0|461.0|516.0|246.0|25.2|502.0|162.0,322.77272727272725
www.mayoclinic.org,05-13-2020,22:00:01,278.0|20.1|314.0|458.0|254.0|206.0|208.0|136.0|428.0|543.0|93.6,267.1545454545454
www.mayoclinic.org,05-14-2020,15:30:01,36.3|42.2|46.7|33.7|47.8|50.6|39.5|36.8|44.5|42.5|36.8,41.581818181818186
www.mayoclinic.org,05-14-2020,15:30:01,25.8|21.3|42.3|41.2|38.4|36.9|41.6|42.4|51.8|36.5|29.0,37.018181818181816
www.mayoclinic.org,05-14-2020,22:00:01,38.9|25.3|30.7|27.7|36.1|28.8|24.6|39.9|49.7|54.3|42.2,36.199999999999996
www.mayoclinic.org,05-14-2020,22:00:01,58.3|41.3|45.2|45.5|73.5|44.4|36.9|62.6|38.7|35.0|45.9,47.936363636363645
www.mayoclinic.org,05-15-2020,15:30:01,46.1|45.1|28.4|117.0|195.0|35.0|442.0|112.0|40.4|131.0|73.1,115.0090909090909
www.mayoclinic.org,05-15-2020,15:30:01,34.9|50.8|29.3|19.6|49.7|47.8|18.6|44.5|80.0|45.7|130.0,50.08181818181818
www.mayoclinic.org,05-15-2020,22:00:01,24.9|47.5|33.3|31.2|25.1|44.4|42.1|31.2|34.2|36.9|69.1,38.17272727272727
www.mayoclinic.org,05-15-2020,22:00:01,47.4|46.1|27.3|33.1|49.4|40.1|38.1|38.3|37.2|48.1|41.7,40.61818181818182
www.mayoclinic.org,05-16-2020,15:30:01,322.0|242.0|37.5|1166.0|426.0|59.5|29.3|340.0|338.0|32.6|108.0,281.90000000000003
www.mayoclinic.org,05-16-2020,15:30:01,53.6|49.8|529.0|461.0|1691.0|651.0|1217.0|437.0|576.0,629.4888888888888
www.mayoclinic.org,05-16-2020,22:00:01,38.3|35.3|169.0|147.0|231.0|25.2|38.2|212.0|111.0|63.3,107.03
www.mayoclinic.org,05-16-2020,22:00:01,227.0|466.0|142.0|155.0|139.0|99.7|123.0|466.0|105.0|709.0|174.0,255.06363636363633
www.mayoclinic.org,05-17-2020,15:30:01,137.0|186.0|229.0|236.0|326.0|555.0|169.0|278.0|770.0|76.1|243.0,291.3727272727273
www.mayoclinic.org,05-17-2020,15:30:01,215.0|174.0|131.0|57.6|287.0|766.0|139.0|283.0|351.0|477.0|828.0,337.1454545454545
www.mayoclinic.org,05-17-2020,22:00:01,382.0|54.4|255.0|45.8|481.0|17.9|338.0|277.0|26.2|53.8|311.0,203.82727272727277
www.mayoclinic.org,05-17-2020,22:00:01,160.0|24.1|1095.0|486.0|127.0|52.4|361.0|76.9|478.0|441.0|596.0,354.30909090909086
www.mayoclinic.org,05-18-2020,15:30:01,41.9|58.1|44.1|70.1|60.1|33.1|44.3|42.3|41.1|56.3|38.8,48.2
www.mayoclinic.org,05-18-2020,15:30:01,42.3|44.9|36.4|46.2|51.8|40.6|36.2|38.6|32.6|57.5|44.4,42.86363636363637
www.mayoclinic.org,05-18-2020,22:00:01,32.9|23.9|52.7|23.9|66.2|32.6|32.6|67.2|25.6|44.9|29.7,39.29090909090909
www.mayoclinic.org,05-18-2020,22:00:01,66.9|71.2|63.1|39.6|53.9|46.9|46.6|71.4|27.6,54.13333333333334
www.mayoclinic.org,05-19-2020,15:30:01,17.7|20.3|18.1|15.0|39.3|15.1|15.6|32.1|19.8|19.7|21.8,21.318181818181817
www.mayoclinic.org,05-19-2020,15:30:01,14.7|19.1|15.0|20.7|29.5|25.2|21.1|22.4|15.1|20.8|25.2,20.799999999999997
www.mayoclinic.org,05-19-2020,22:00:02,22.2|15.8|13.4|15.8|16.6|14.6|15.8|15.6|17.6|15.1|14.9,16.12727272727273
www.mayoclinic.org,05-19-2020,22:00:02,17.1|15.9|15.4|12.8|16.9|15.7|15.8|13.1|18.1|17.3|14.6,15.7
www.mayoclinic.org,05-20-2020,15:30:01,13.8|12.4|11.1|17.4|11.7|12.4|12.9|13.2|13.6|13.6|14.7,13.345454545454544
www.mayoclinic.org,05-20-2020,15:30:01,12.6|15.2|22.1|19.7|11.1|19.3|12.3|14.1|14.1|13.9|11.9,15.118181818181819
www.mayoclinic.org,05-20-2020,22:00:01,20.3|19.4|26.9|16.2|20.5|20.7|20.7|20.5|17.4|19.9|18.8,20.11818181818182
www.mayoclinic.org,05-20-2020,22:00:01,20.9|26.9|18.6|20.1|16.8|18.9|16.7|19.2|18.6|17.1|22.3,19.645454545454545
www.mayoclinic.org,05-21-2020,15:30:01,22.5|17.9|18.8|21.7|20.1|18.2|22.1|21.7|20.3|26.9|25.9,21.463636363636365
www.mayoclinic.org,05-21-2020,15:30:01,18.0|27.9|29.9|20.7|33.8|16.9|28.9|20.4|17.1|17.3|16.9,22.527272727272727
www.mayoclinic.org,05-21-2020,22:00:01,19.0|20.3|18.4|19.7|22.2|24.9|22.8|24.1|17.8|19.3|32.7,21.927272727272726
www.mayoclinic.org,05-21-2020,22:00:01,19.1|19.8|17.2|18.9|19.1|19.6|19.1|20.5|39.1|18.9|21.3,21.145454545454548
www.mayoclinic.org,05-22-2020,15:30:01,19.8|19.9|19.1|26.8|20.3|21.8|30.8|18.1|41.2|40.3|53.4,28.318181818181817
www.mayoclinic.org,05-22-2020,15:30:01,17.2|23.3|22.7|20.7|19.7|25.3|18.2|19.4|20.5|18.7|19.9,20.509090909090908
www.mayoclinic.org,05-22-2020,22:00:01,19.1|20.8|20.2|19.3|30.8|19.7|29.9|18.5|20.5|28.2|19.1,22.37272727272727
www.mayoclinic.org,05-22-2020,22:00:01,23.9|20.4|20.5|19.4|19.4|18.8|28.6|19.6|20.5|18.8|17.8,20.700000000000003
www.mayoclinic.org,05-23-2020,15:30:01,24.3|16.8|14.4|16.7|26.6|20.2|16.3|20.2|19.3|21.5|21.2,19.772727272727273
www.mayoclinic.org,05-23-2020,15:30:01,26.4|43.4|18.9|20.4|17.0|16.7|15.3|19.5|16.6|149.0|41.8,35.0
www.mayoclinic.org,05-23-2020,22:00:02,19.4|21.7|19.6|20.4|20.4|21.8|20.1|20.1|18.4|25.2|17.8,20.445454545454545
www.mayoclinic.org,05-23-2020,22:00:02,23.5|21.5|17.2|23.8|21.6|20.1|19.1|20.4|23.5|19.1|19.7,20.86363636363636
www.mayoclinic.org,05-24-2020,15:30:01,26.1|64.3|35.2|22.6|31.9|41.6|19.8|21.4|31.1|33.4|24.9,32.02727272727273
www.mayoclinic.org,05-24-2020,15:30:01,47.2|21.6|48.5|56.1|57.0|41.8|36.8|22.8|37.0|36.6|25.1,39.13636363636363
www.mayoclinic.org,05-24-2020,22:00:01,18.6|26.6|25.4|16.8|23.8|18.6|18.1|64.1|18.1|18.6|19.3,24.363636363636363
www.mayoclinic.org,05-24-2020,22:00:01,18.6|22.8|20.6|17.5|18.4|20.7|19.1|30.0|19.3|18.9|19.4,20.481818181818184
www.mayoclinic.org,05-25-2020,15:30:01,21.1|19.2|44.4|19.8|22.3|19.0|19.8|20.4|19.5|24.6|29.7,23.61818181818182
www.mayoclinic.org,05-25-2020,15:30:01,18.2|26.0|28.2|23.8|21.6|32.1|22.6|20.6|19.1|21.1|24.3,23.41818181818182
www.mayoclinic.org,05-25-2020,22:00:01,20.0|17.6|22.4|22.1|17.8|30.2|19.1|18.2|21.7|21.3|19.5,20.9
www.mayoclinic.org,05-25-2020,22:00:01,18.3|24.1|18.7|20.8|20.0|28.4|27.9|19.6|39.9|20.3|18.4,23.309090909090912
