www.amazon.de,05-13-2020,15:23:53,23.0|23.9|24.7|27.1|24.5|25.4|25.2|34.3|25.1|65.0|23.7,29.263636363636362
www.amazon.de,05-13-2020,15:23:53,23.5|24.4|24.6|28.8|24.4|24.7|24.1|26.1|23.1|24.3|25.1,24.827272727272728
www.amazon.de,05-13-2020,16:50:45,24.6|22.7|24.7|23.9|25.1|24.7|24.3|26.1|24.2|25.0|24.5,24.527272727272724
www.amazon.de,05-13-2020,16:50:45,23.4|22.7|25.3|25.1|24.6|23.3|25.5|23.9|26.7|25.0|24.1,24.50909090909091
www.amazon.de,05-14-2020,15:21:49,23.7|27.3|26.0|28.2|25.9|25.5|25.3|25.7|24.6|25.6|24.6,25.672727272727276
www.amazon.de,05-14-2020,15:21:49,23.5|25.2|22.8|24.1|26.5|27.5|26.8|23.2|23.4|26.9|24.9,24.981818181818184
www.amazon.de,05-14-2020,16:47:47,24.8|25.4|23.1|24.1|24.8|24.1|24.9|24.9|24.7|24.7|25.7,24.654545454545453
www.amazon.de,05-14-2020,16:47:47,22.4|22.8|25.7|24.3|24.9|26.3|26.4|24.4|26.7|25.8|24.3,24.90909090909091
www.amazon.de,05-15-2020,17:26:11,25.6|24.3|26.7|25.2|25.1|27.4|26.6|24.4|26.3|25.1|24.5,25.563636363636366
www.amazon.de,05-15-2020,17:26:11,25.6|25.9|29.3|26.5|26.4|25.7|27.0|27.0|24.6|25.9|25.5,26.30909090909091
www.amazon.de,05-15-2020,16:49:44,24.6|25.4|24.3|32.0|26.9|23.6|25.6|24.8|24.1|26.1|25.1,25.681818181818183
www.amazon.de,05-15-2020,16:49:44,24.3|25.4|25.1|25.1|25.9|26.8|25.2|25.3|25.6|25.3|24.9,25.35454545454546
www.amazon.de,05-16-2020,15:22:09,27.5|32.2|30.0|27.4|31.5|29.4|40.3|29.2|31.5|28.9|29.1,30.636363636363637
www.amazon.de,05-16-2020,15:22:09,54.2|33.7|36.1|34.3|36.5|33.1|30.1|24.3|40.7|31.1|28.2,34.75454545454546
www.amazon.de,05-16-2020,16:49:02,22.3|29.8|31.6|29.2|31.5|28.4|28.2|28.8|29.9|27.6|31.2,28.954545454545453
www.amazon.de,05-16-2020,16:49:02,28.2|25.8|31.1|30.2|29.8|27.3|26.4|29.6|35.0|27.1|27.4,28.9
www.amazon.de,05-17-2020,15:19:18,39.5|33.1|28.9|30.2|32.7|28.1|31.1|27.9|32.2|29.0|33.0,31.427272727272726
www.amazon.de,05-17-2020,15:19:18,28.1|31.9|32.2|31.3|30.5|30.9|32.8|33.7|31.4|29.0|31.0,31.163636363636364
www.amazon.de,05-17-2020,16:47:17,25.5|29.1|27.4|57.4|28.6|38.9|27.6|28.3|44.1|27.2|28.8,32.99090909090909
www.amazon.de,05-17-2020,16:47:17,27.0|29.5|26.7|30.0|25.2|49.0|26.3|27.4|30.2|27.5|27.9,29.7
www.amazon.de,05-18-2020,15:18:56,22.6|25.1|25.4|25.5|24.5|25.3|24.0|25.7|25.0|24.8|24.6,24.772727272727273
www.amazon.de,05-18-2020,15:18:56,40.0|25.1|26.4|26.6|25.0|24.8|23.4|26.0|25.5|26.1|28.7,27.05454545454545
www.amazon.de,05-18-2020,16:49:10,24.2|26.4|24.9|23.9|24.2|25.0|23.9|24.0|28.2|23.6|23.4,24.7
www.amazon.de,05-18-2020,16:49:10,27.2|24.8|25.3|23.8|25.5|25.3|23.0|25.7|25.4|25.1|24.2,25.027272727272727
www.amazon.de,05-19-2020,15:20:36,24.7|25.6|35.7|25.9|24.3|25.4|24.3|25.9|24.1|25.2|24.1,25.927272727272733
www.amazon.de,05-19-2020,15:20:36,23.2|24.8|25.6|24.6|27.3|24.8|25.7|26.0|24.8|24.2|26.0,25.181818181818183
www.amazon.de,05-19-2020,16:47:16,23.0|23.1|24.2|25.9|24.2|25.9|25.5|25.3|26.1|24.5|23.4,24.64545454545454
www.amazon.de,05-19-2020,16:47:16,22.5|24.4|28.3|26.4|26.5|24.6|25.2|22.8|26.4|25.2|25.5,25.25454545454545
www.amazon.de,05-20-2020,15:17:21,23.8|24.4|24.3|22.9|24.8|22.7|23.3|23.8|25.6|24.0|23.2,23.89090909090909
www.amazon.de,05-20-2020,15:17:21,23.8|23.7|23.7|23.8|26.2|23.8|23.7|23.3|25.0|23.8|22.5,23.936363636363637
www.amazon.de,05-20-2020,16:49:18,25.0|26.8|24.7|24.9|24.7|25.7|26.6|28.7|24.2|25.0|26.0,25.66363636363636
www.amazon.de,05-20-2020,16:49:18,22.6|25.4|26.0|25.0|25.5|25.7|23.9|24.1|25.1|24.9|25.2,24.854545454545452
www.amazon.de,05-21-2020,15:19:26,22.7|23.7|22.9|29.2|28.9|24.1|24.8|24.8|24.6|24.3|26.1,25.1
www.amazon.de,05-21-2020,15:19:26,25.1|26.4|25.7|25.7|25.2|26.0|24.4|26.9|24.8|23.8|24.9,25.35454545454546
www.amazon.de,05-21-2020,16:50:24,25.0|25.5|25.4|24.6|23.7|25.9|24.6|24.6|24.7|22.9|25.5,24.763636363636362
www.amazon.de,05-21-2020,16:50:24,23.9|30.9|25.0|25.6|36.8|24.9|25.3|25.6|27.7|24.7|25.1,26.863636363636363
www.amazon.de,05-22-2020,15:18:47,75.9|50.3|70.7|53.3|73.4|67.9|63.2|75.4|56.5|62.7|82.2,66.50000000000001
www.amazon.de,05-22-2020,15:18:47,62.3|73.6|83.0|60.4|74.0|63.8|73.7|77.8|57.0|78.3|70.2,70.37272727272726
www.amazon.de,05-22-2020,20:44:34,23.2|25.7|24.4|25.8|34.5|24.9|25.5|27.1|24.4|47.6|23.9,27.90909090909091
www.amazon.de,05-22-2020,20:44:34,23.3|24.9|29.8|27.6|31.1|23.0|25.4|24.6|24.3|23.2|30.8,26.181818181818183
www.amazon.de,05-23-2020,16:23:52,27.0|108.0|27.5|30.4|31.3|32.2|30.0|30.2|26.4|27.6|29.9,36.40909090909091
www.amazon.de,05-23-2020,16:23:52,27.6|29.0|30.3|27.8|27.5|30.9|25.5|27.8|27.3|27.5|28.2,28.127272727272725
www.amazon.de,05-23-2020,17:20:02,28.1|26.7|29.9|27.9|27.9|56.0|28.9|28.5|30.2|27.8|27.4,30.845454545454547
www.amazon.de,05-23-2020,17:20:02,25.7|27.6|29.6|26.2|28.4|25.7|28.6|31.2|27.9|27.1|26.3,27.663636363636364
www.amazon.de,05-24-2020,17:04:31,25.2|26.7|34.3|38.7|28.1|35.8|26.1|28.6|27.2|30.2|26.6,29.772727272727273
www.amazon.de,05-24-2020,17:04:31,26.9|25.2|26.5|29.5|26.9|26.1|27.8|30.2|30.8|25.6|28.7,27.654545454545453
www.amazon.de,05-24-2020,23:09:48,22.8|27.8|26.2|26.3|24.9|24.1|26.3|25.6|24.1|26.3|25.6,25.454545454545453
www.amazon.de,05-24-2020,23:09:48,24.6|24.6|24.9|27.0|24.9|24.5|27.4|24.8|24.9|24.5|24.9,25.181818181818183
www.amazon.de,05-25-2020,15:16:59,27.3|26.9|25.2|28.6|26.6|28.2|27.0|28.8|29.3|28.9|28.3,27.736363636363638
www.amazon.de,05-25-2020,15:16:59,24.1|122.0|27.4|26.2|26.3|25.6|32.4|31.4|25.7|25.9|26.3,35.75454545454545
www.amazon.de,05-25-2020,16:35:51,26.8|30.0|28.1|25.4|34.1|27.9|26.5|26.7|30.2|28.6|37.2,29.227272727272727
www.amazon.de,05-25-2020,16:35:51,50.1|61.2|73.0|79.7|34.6|52.1|37.0|36.2|25.1|29.1|37.4,46.86363636363637
www.amazon.de,05-26-2020,19:46:35,23.0|23.0|26.4|23.6|25.0|26.5|24.1|27.1|24.2|25.9|23.4,24.745454545454546
www.amazon.de,05-26-2020,19:46:35,22.2|73.1|23.4|22.2|24.4|26.2|26.9|22.0|24.2|27.6|23.6,28.70909090909091
www.amazon.de,05-26-2020,16:35:18,23.6|27.2|25.2|24.9|25.2|24.9|25.6|24.4|27.4|25.5|26.4,25.481818181818184
www.amazon.de,05-26-2020,16:35:18,23.6|96.7|148.0|47.6|23.3|23.0|27.3|26.1|23.9|26.9|24.7,44.645454545454534
