www.walmart.com,05-13-2020,15:23:53,25.0|23.9|25.0|24.1|25.0|23.8|26.6|24.3|25.1|25.8|22.7,24.663636363636364
www.walmart.com,05-13-2020,15:23:53,23.1|24.6|25.3|26.5|23.9|24.8|25.1|24.4|25.8|23.2|28.0,24.972727272727273
www.walmart.com,05-13-2020,16:50:45,22.3|26.6|24.6|23.2|23.2|24.0|26.3|23.0|23.9|23.2|24.9,24.10909090909091
www.walmart.com,05-13-2020,16:50:45,25.7|23.9|23.6|30.1|24.7|25.3|24.5|23.8|25.1|24.4|24.8,25.08181818181818
www.walmart.com,05-14-2020,15:21:49,26.1|24.4|25.1|25.1|22.8|26.8|25.4|34.2|24.3|24.3|26.8,25.936363636363637
www.walmart.com,05-14-2020,15:21:49,25.7|26.0|25.7|25.3|25.7|24.3|23.0|26.1|23.9|22.6|24.5,24.8
www.walmart.com,05-14-2020,16:47:47,22.3|25.2|24.4|36.4|25.9|25.2|25.3|24.1|26.3|23.6|25.6,25.84545454545455
www.walmart.com,05-14-2020,16:47:47,25.7|24.6|26.0|23.7|20.6|25.0|23.8|24.9|23.6|25.0|25.8,24.427272727272726
www.walmart.com,05-15-2020,17:26:11,21.6|23.5|25.2|23.6|24.6|25.5|24.3|24.5|24.3|23.3|23.9,24.027272727272727
www.walmart.com,05-15-2020,17:26:11,23.9|125.0|23.4|27.0|24.2|24.0|23.7|23.0|24.9|24.2|24.0,33.39090909090909
www.walmart.com,05-15-2020,16:49:44,28.7|23.5|29.5|24.0|22.4|23.2|24.9|25.7|23.5|23.1|25.2,24.88181818181818
www.walmart.com,05-15-2020,16:49:44,24.0|23.7|26.3|24.1|25.5|24.4|25.1|21.9|23.3|25.0|24.2,24.318181818181817
www.walmart.com,05-16-2020,15:22:09,28.1|36.7|29.2|29.9|30.7|29.2|29.0|32.3|27.5|31.3|27.8,30.15454545454546
www.walmart.com,05-16-2020,15:22:09,31.4|32.0|30.7|30.0|29.1|28.5|30.4|28.7|30.2|38.0|45.0,32.18181818181818
www.walmart.com,05-16-2020,16:49:02,29.3|28.3|26.3|35.0|30.7|28.3|35.5|28.7|33.5|29.9|37.8,31.20909090909091
www.walmart.com,05-16-2020,16:49:02,26.2|32.2|32.7|34.7|29.0|34.2|29.0|28.4|28.4|42.2|28.9,31.44545454545454
www.walmart.com,05-17-2020,15:19:18,40.4|31.6|29.6|29.1|29.4|29.1|30.6|28.1|29.9|34.4|30.0,31.109090909090902
www.walmart.com,05-17-2020,15:19:18,55.5|29.9|29.5|29.8|28.7|29.5|31.1|28.8|32.7|29.3|33.1,32.53636363636364
www.walmart.com,05-17-2020,16:47:17,26.3|28.8|32.4|31.2|66.5|42.1|28.7|27.7|40.2|29.0|28.2,34.64545454545454
www.walmart.com,05-17-2020,16:47:17,24.9|26.8|29.5|27.7|28.2|26.3|30.6|39.5|41.1|30.0|27.3,30.172727272727276
www.walmart.com,05-18-2020,15:18:56,23.9|25.3|26.2|30.4|24.2|27.5|25.3|23.2|188.0|27.0|22.8,40.345454545454544
www.walmart.com,05-18-2020,15:18:56,24.0|24.6|22.9|23.1|25.8|24.9|26.9|23.7|25.6|23.8|25.2,24.59090909090909
www.walmart.com,05-18-2020,16:49:10,22.7|27.8|26.4|26.9|24.1|23.0|23.9|24.4|31.0|27.9|25.8,25.80909090909091
www.walmart.com,05-18-2020,16:49:10,23.7|24.3|27.6|26.6|23.9|27.2|24.7|22.0|24.1|24.3|24.5,24.80909090909091
www.walmart.com,05-19-2020,15:20:36,23.5|25.3|26.9|28.1|26.3|26.2|24.9|24.3|24.5|24.9|24.8,25.427272727272726
www.walmart.com,05-19-2020,15:20:36,24.0|27.0|25.0|24.4|23.8|23.3|26.4|25.7|24.3|24.3|24.3,24.772727272727273
www.walmart.com,05-19-2020,16:47:16,24.1|24.6|26.1|27.4|24.0|23.4|24.8|25.5|26.9|23.8|24.4,25.0
www.walmart.com,05-19-2020,16:47:16,24.0|24.6|22.8|21.9|24.7|24.1|24.8|23.2|24.2|25.0|25.0,24.027272727272727
www.walmart.com,05-20-2020,15:17:21,24.6|23.0|22.7|22.6|25.5|23.0|33.9|23.7|24.9|22.7|23.4,24.545454545454547
www.walmart.com,05-20-2020,15:17:21,23.1|21.8|23.1|23.1|23.0|23.5|21.4|22.6|21.7|22.1|22.3,22.51818181818182
www.walmart.com,05-20-2020,16:49:18,24.0|25.2|24.7|26.5|28.1|24.2|24.6|23.9|27.2|26.1|24.5,25.363636363636363
www.walmart.com,05-20-2020,16:49:18,27.1|23.9|26.8|25.5|27.1|27.2|25.0|22.7|24.3|25.3|24.7,25.41818181818182
www.walmart.com,05-21-2020,15:19:26,23.3|26.5|25.7|25.1|24.0|25.0|24.1|24.0|24.0|24.1|24.2,24.545454545454547
www.walmart.com,05-21-2020,15:19:26,22.8|23.7|24.1|25.8|25.7|23.6|22.8|23.7|25.6|24.3|24.2,24.20909090909091
www.walmart.com,05-21-2020,16:50:24,22.0|23.8|36.5|24.4|24.5|26.2|23.0|25.0|24.6|24.5|24.8,25.390909090909087
www.walmart.com,05-21-2020,16:50:24,22.8|24.8|24.4|24.3|46.6|25.1|24.7|27.1|23.3|25.5|25.1,26.700000000000003
www.walmart.com,05-22-2020,15:18:47,72.5|79.5|63.7|77.4|78.3|74.0|83.4|31.7|77.9|39.0|45.6,65.72727272727273
www.walmart.com,05-22-2020,15:18:47,52.7|77.6|76.4|65.6|76.6|51.7|66.2|75.3|80.6|71.2|85.1,70.81818181818183
www.walmart.com,05-22-2020,20:44:34,23.2|26.4|24.9|25.7|23.7|23.7|23.8|24.7|22.2|24.4|24.0,24.245454545454546
www.walmart.com,05-22-2020,20:44:34,22.9|24.9|23.5|24.1|25.8|23.7|27.6|23.0|24.5|23.9|24.7,24.41818181818182
www.walmart.com,05-23-2020,16:23:52,27.9|27.3|25.2|31.7|28.4|28.2|31.2|31.2|30.0|29.5|32.9,29.40909090909091
www.walmart.com,05-23-2020,16:23:52,28.4|29.3|30.0|28.7|30.0|26.5|30.5|28.0|27.1|26.8|28.3,28.50909090909091
www.walmart.com,05-23-2020,17:20:02,25.4|31.3|26.5|26.4|27.2|31.8|30.3|27.5|26.4|25.2|28.6,27.872727272727275
www.walmart.com,05-23-2020,17:20:02,29.6|28.9|24.9|26.2|25.7|27.9|26.5|26.1|27.3|31.8|24.1,27.181818181818183
www.walmart.com,05-24-2020,17:04:31,31.1|26.3|28.2|28.7|33.0|27.4|28.0|26.1|23.7|27.2|28.1,27.981818181818184
www.walmart.com,05-24-2020,17:04:31,41.3|26.8|30.9|26.3|24.9|28.9|29.8|28.0|25.5|27.2|25.2,28.618181818181814
www.walmart.com,05-24-2020,23:09:48,23.1|25.2|29.4|25.1|26.8|25.0|24.3|27.1|23.3|23.2|23.9,25.127272727272725
www.walmart.com,05-24-2020,23:09:48,22.6|25.0|24.7|25.5|23.2|26.7|24.6|23.9|26.5|22.0|24.2,24.44545454545455
www.walmart.com,05-25-2020,15:16:59,26.8|29.9|28.5|26.3|28.4|25.5|28.0|26.7|28.6|26.8|29.3,27.70909090909091
www.walmart.com,05-25-2020,15:16:59,24.2|34.8|27.1|26.4|27.0|24.7|29.3|36.3|31.2|27.3|31.2,29.045454545454547
www.walmart.com,05-25-2020,16:35:51,26.8|26.3|29.4|24.5|28.0|30.7|32.3|26.7|29.1|29.8|28.2,28.34545454545454
www.walmart.com,05-25-2020,16:35:51,26.5|29.4|27.2|26.1|27.7|31.5|27.8|27.2|28.4|27.9|27.5,27.927272727272726
www.walmart.com,05-26-2020,19:46:35,22.5|29.2|24.9|24.1|23.9|27.9|23.8|25.3|24.0|24.5|26.0,25.1
www.walmart.com,05-26-2020,19:46:35,21.7|24.3|23.8|24.2|25.4|23.3|25.7|41.5|24.4|24.3|24.5,25.736363636363638
www.walmart.com,05-26-2020,16:35:18,23.5|27.1|24.8|37.0|24.8|25.1|26.0|24.8|25.8|25.9|25.8,26.41818181818182
www.walmart.com,05-26-2020,16:35:18,23.0|24.4|27.4|24.1|24.9|25.9|25.4|26.2|24.7|26.7|26.2,25.354545454545452
