www.amazon.com,05-13-2020,15:23:53,23.3|23.9|25.0|25.3|24.8|38.4|25.4|24.4|24.2|25.4|26.1,26.018181818181816
www.amazon.com,05-13-2020,15:23:53,25.9|24.3|33.7|25.8|27.2|25.5|26.3|26.8|20.7|31.9|23.8,26.536363636363635
www.amazon.com,05-13-2020,16:50:45,23.7|25.1|22.6|24.0|23.8|23.1|28.6|22.4|24.4|23.8|22.3,23.981818181818184
www.amazon.com,05-13-2020,16:50:45,23.9|25.2|26.8|24.8|23.7|24.2|36.3|25.3|25.5|25.6|24.5,25.981818181818184
www.amazon.com,05-14-2020,15:21:49,23.7|26.4|23.8|24.0|24.5|23.2|24.8|37.7|23.6|23.7|24.0,25.4
www.amazon.com,05-14-2020,15:21:49,22.7|24.8|23.9|25.3|26.6|24.9|24.8|24.5|247.0|25.3|26.4,45.10909090909091
www.amazon.com,05-14-2020,16:47:47,22.5|24.4|26.4|24.3|25.6|25.2|24.4|26.1|26.3|24.3|26.3,25.072727272727274
www.amazon.com,05-14-2020,16:47:47,23.5|24.2|23.9|23.3|24.8|24.2|26.2|25.1|25.1|24.2|24.9,24.49090909090909
www.amazon.com,05-15-2020,17:26:11,24.0|24.1|25.6|25.5|24.9|24.9|23.7|25.9|24.8|25.3|25.6,24.936363636363637
www.amazon.com,05-15-2020,17:26:11,25.9|24.6|23.9|174.0|190.0|239.0|146.0|23.8|20.5|26.8|24.3,83.52727272727272
www.amazon.com,05-15-2020,16:49:44,23.7|28.2|25.1|24.7|24.8|22.3|24.6|24.1|24.3|24.8|23.9,24.59090909090909
www.amazon.com,05-15-2020,16:49:44,24.6|24.9|25.3|25.7|25.3|26.6|26.0|24.7|25.0|25.7|25.3,25.372727272727275
www.amazon.com,05-16-2020,15:22:09,27.3|28.5|28.1|27.2|38.8|30.2|27.0|28.1|26.8|38.6|29.1,29.972727272727276
www.amazon.com,05-16-2020,15:22:09,24.3|32.1|31.5|32.7|35.0|30.0|41.6|34.2|31.9|28.3|35.1,32.42727272727273
www.amazon.com,05-16-2020,16:49:02,25.1|30.0|27.4|28.6|29.4|29.7|29.2|32.3|35.2|30.5|31.5,29.9
www.amazon.com,05-16-2020,16:49:02,27.1|27.8|30.8|26.5|31.3|28.6|32.2|29.9|29.7|29.5|28.9,29.299999999999997
www.amazon.com,05-17-2020,15:19:18,26.9|32.8|29.1|31.4|28.3|29.6|27.3|28.2|32.0|29.4|27.7,29.336363636363636
www.amazon.com,05-17-2020,15:19:18,31.5|29.7|27.4|30.1|28.2|29.6|30.6|30.2|30.6|27.6|30.5,29.63636363636364
www.amazon.com,05-17-2020,16:47:17,27.5|26.4|29.3|53.7|31.6|26.2|29.2|26.9|26.6|29.1|28.7,30.472727272727276
www.amazon.com,05-17-2020,16:47:17,25.8|28.9|27.8|69.8|31.1|28.0|30.3|32.1|30.2|30.2|28.3,32.95454545454545
www.amazon.com,05-18-2020,15:18:56,28.2|24.1|25.5|23.8|25.0|26.6|24.0|23.5|23.4|27.8|27.5,25.4
www.amazon.com,05-18-2020,15:18:56,22.7|25.3|25.3|23.1|24.9|24.6|23.9|25.1|25.5|24.6|27.5,24.772727272727273
www.amazon.com,05-18-2020,16:49:10,23.5|25.0|24.8|24.9|25.8|25.9|26.2|25.3|25.2|25.2|24.3,25.099999999999998
www.amazon.com,05-18-2020,16:49:10,24.0|24.2|24.5|22.9|26.8|23.4|23.9|23.0|23.7|23.6|24.2,24.018181818181816
www.amazon.com,05-19-2020,15:20:36,25.8|24.4|25.0|24.3|22.6|24.2|24.3|27.3|30.9|26.0|28.6,25.763636363636365
www.amazon.com,05-19-2020,15:20:36,25.5|25.3|26.2|27.4|24.6|28.2|27.1|25.3|26.6|24.3|24.0,25.863636363636363
www.amazon.com,05-19-2020,16:47:16,25.0|24.0|25.0|23.2|23.5|24.1|25.7|28.1|25.6|26.1|25.1,25.03636363636364
www.amazon.com,05-19-2020,16:47:16,31.2|25.5|25.9|25.6|25.6|26.1|26.0|25.9|25.7|24.9|22.5,25.9
www.amazon.com,05-20-2020,15:17:21,25.3|23.6|23.6|23.7|24.1|23.0|23.1|23.2|24.1|24.1|24.3,23.827272727272728
www.amazon.com,05-20-2020,15:17:21,23.8|23.4|23.5|27.7|28.6|23.0|25.4|27.3|23.7|25.7|23.8,25.08181818181818
www.amazon.com,05-20-2020,16:49:18,23.6|24.3|26.3|24.3|24.3|26.0|24.7|26.4|25.6|28.1|26.6,25.472727272727273
www.amazon.com,05-20-2020,16:49:18,24.4|24.7|25.5|26.6|25.9|24.1|31.8|23.9|24.7|24.4|24.5,25.5
www.amazon.com,05-21-2020,15:19:26,25.1|25.5|25.3|25.2|25.3|24.3|26.5|24.3|24.9|23.7|24.6,24.972727272727273
www.amazon.com,05-21-2020,15:19:26,23.3|25.3|24.7|24.7|24.7|25.5|24.4|26.0|26.3|26.2|25.0,25.1
www.amazon.com,05-21-2020,16:50:24,22.3|24.7|24.3|27.9|23.8|23.1|24.0|24.9|23.8|27.3|24.3,24.581818181818186
www.amazon.com,05-21-2020,16:50:24,22.8|26.4|25.2|25.9|25.5|37.5|25.5|25.6|26.0|25.6|24.2,26.38181818181818
www.amazon.com,05-22-2020,15:18:47,69.1|60.0|63.9|72.3|69.6|78.4|40.0|83.2|46.8|70.0|43.5,63.345454545454544
www.amazon.com,05-22-2020,15:18:47,62.2|69.4|77.8|62.2|75.7|28.3|72.5|59.3|75.7|85.6|37.1,64.16363636363637
www.amazon.com,05-22-2020,20:44:34,23.5|24.1|24.1|24.2|23.8|24.6|25.0|24.7|24.1|23.3|23.8,24.10909090909091
www.amazon.com,05-22-2020,20:44:34,27.3|24.4|25.6|24.9|24.7|34.4|25.0|27.7|24.2|24.8|24.2,26.10909090909091
www.amazon.com,05-23-2020,16:23:52,27.3|27.9|28.5|26.5|29.0|25.3|29.0|28.0|26.5|30.6|225.0,45.78181818181818
www.amazon.com,05-23-2020,16:23:52,29.8|27.3|54.5|30.5|30.5|26.1|27.9|28.3|27.9|27.3|40.6,31.881818181818186
www.amazon.com,05-23-2020,17:20:02,25.8|27.0|30.4|31.6|30.7|25.2|28.4|26.7|28.3|26.2|25.6,27.809090909090912
www.amazon.com,05-23-2020,17:20:02,27.6|27.0|30.1|27.8|27.6|27.2|25.3|27.4|28.6|26.2|28.6,27.581818181818186
www.amazon.com,05-24-2020,17:04:31,26.6|26.5|29.5|26.3|28.6|28.2|27.3|31.7|27.8|27.5|30.7,28.245454545454546
www.amazon.com,05-24-2020,17:04:31,26.6|25.1|28.5|30.5|29.7|30.6|27.7|28.9|29.5|34.8|29.6,29.227272727272734
www.amazon.com,05-24-2020,23:09:48,23.4|24.5|25.8|29.9|26.6|29.9|25.0|25.0|25.5|24.9|26.0,26.045454545454547
www.amazon.com,05-24-2020,23:09:48,27.4|28.4|27.4|26.9|25.1|25.4|25.5|25.1|27.2|25.3|25.5,26.29090909090909
www.amazon.com,05-25-2020,15:16:59,25.6|27.5|27.4|29.5|25.8|31.5|26.6|87.1|26.4|83.6|29.3,38.20909090909091
www.amazon.com,05-25-2020,15:16:59,25.8|28.4|26.6|34.5|26.0|25.7|30.0|28.3|26.8|28.9|27.3,28.027272727272727
www.amazon.com,05-25-2020,16:35:51,26.7|31.4|28.2|28.7|26.8|26.2|27.8|28.9|28.0|25.9|26.4,27.727272727272723
www.amazon.com,05-25-2020,16:35:51,33.9|27.3|25.4|28.2|33.1|29.9|27.3|27.1|42.6|33.9|28.6,30.663636363636364
www.amazon.com,05-26-2020,19:46:35,24.9|27.8|24.5|26.1|24.5|36.2|29.9|197.0|24.5|63.2|110.0,53.50909090909091
www.amazon.com,05-26-2020,19:46:35,23.8|37.7|24.1|23.3|23.5|23.2|28.9|23.3|24.0|27.4|24.4,25.781818181818178
www.amazon.com,05-26-2020,16:35:18,24.1|30.0|22.6|22.5|26.1|23.6|25.7|24.4|24.4|22.9|24.4,24.60909090909091
www.amazon.com,05-26-2020,16:35:18,23.0|25.9|25.4|26.3|24.2|23.8|24.8|25.3|26.0|25.6|26.0,25.118181818181814
