www.youtube.com,05-13-2020,15:23:53,58.3|59.0|60.4|58.8|60.6|57.8|58.4|57.9|59.9|58.6|59.5,59.01818181818182
www.youtube.com,05-13-2020,15:23:53,59.1|59.2|60.3|59.9|59.8|59.0|59.2|60.1|58.8|59.0|60.8,59.563636363636355
www.youtube.com,05-13-2020,16:50:45,60.2|60.5|58.7|54.9|59.9|59.5|60.5|60.3|62.9|58.5|59.3,59.563636363636355
www.youtube.com,05-13-2020,16:50:45,59.0|59.8|61.9|59.5|65.6|60.1|59.4|60.2|58.3|60.2|58.8,60.25454545454545
www.youtube.com,05-14-2020,15:21:49,58.0|59.5|59.5|61.9|59.7|60.4|61.8|60.0|60.4|61.6|57.9,60.063636363636355
www.youtube.com,05-14-2020,15:21:49,58.2|58.4|57.9|63.4|60.2|59.9|93.9|59.1|59.9|58.8|58.8,62.59090909090908
www.youtube.com,05-14-2020,16:47:47,59.0|59.9|60.0|59.5|59.7|58.3|58.1|69.4|61.0|61.2|60.4,60.59090909090909
www.youtube.com,05-14-2020,16:47:47,60.0|60.7|59.4|67.9|62.3|59.7|58.8|61.0|58.7|61.2|60.1,60.8909090909091
www.youtube.com,05-15-2020,17:26:11,57.6|60.0|59.7|59.1|59.9|59.0|61.9|59.5|60.8|59.0|59.5,59.63636363636363
www.youtube.com,05-15-2020,17:26:11,57.1|59.0|59.7|60.7|58.1|60.2|59.1|61.8|59.5|59.3|61.4,59.627272727272725
www.youtube.com,05-15-2020,16:49:44,58.9|63.2|59.0|58.4|61.3|61.7|61.4|60.0|61.6|59.8|59.8,60.463636363636354
www.youtube.com,05-15-2020,16:49:44,58.7|59.8|59.5|61.5|60.9|59.4|61.8|60.3|58.8|59.5|60.0,60.01818181818181
www.youtube.com,05-16-2020,15:22:09,61.9|63.9|62.9|63.7|65.1|66.5|63.0|79.8|62.5|64.7|62.7,65.15454545454546
www.youtube.com,05-16-2020,15:22:09,62.0|62.0|64.5|63.6|67.8|66.6|69.4|62.2|64.4|66.4|64.4,64.84545454545454
www.youtube.com,05-16-2020,16:49:02,79.6|69.8|74.5|81.0|66.1|67.4|69.7|64.4|63.2|64.2|76.9,70.61818181818182
www.youtube.com,05-16-2020,16:49:02,66.2|77.0|65.7|65.2|72.2|69.4|79.1|64.2|66.5|65.9|69.4,69.16363636363636
www.youtube.com,05-17-2020,15:19:18,61.7|65.7|65.9|75.1|64.9|63.5|63.2|63.9|64.9|87.9|61.7,67.12727272727273
www.youtube.com,05-17-2020,15:19:18,65.8|62.9|64.2|66.4|64.0|65.7|67.8|63.2|70.9|66.9|64.0,65.61818181818181
www.youtube.com,05-17-2020,16:47:17,66.6|74.4|63.8|63.9|63.8|62.2|66.5|62.3|65.4|76.9|96.9,69.33636363636363
www.youtube.com,05-17-2020,16:47:17,62.1|113.0|64.2|65.3|75.4|62.1|63.1|65.9|63.4|64.1|63.6,69.2909090909091
www.youtube.com,05-18-2020,15:18:56,58.9|61.2|60.4|61.8|59.5|59.2|61.3|57.9|59.1|57.9|59.2,59.67272727272727
www.youtube.com,05-18-2020,15:18:56,59.3|59.5|58.5|60.6|58.3|59.5|61.2|59.2|60.7|60.0|62.5,59.93636363636363
www.youtube.com,05-18-2020,16:49:10,61.0|59.3|59.4|60.5|59.3|57.9|60.9|60.6|61.6|62.0|60.0,60.22727272727273
www.youtube.com,05-18-2020,16:49:10,59.3|60.7|58.5|59.4|60.5|60.5|60.9|60.2|58.2|60.7|60.4,59.936363636363645
www.youtube.com,05-19-2020,15:20:36,60.3|59.1|61.9|59.6|57.7|59.9|58.4|61.5|93.6|61.3|61.7,63.18181818181818
www.youtube.com,05-19-2020,15:20:36,60.2|59.8|61.6|59.3|62.8|58.7|59.8|186.0|60.9|62.5|63.4,72.27272727272727
www.youtube.com,05-19-2020,16:47:16,60.3|59.1|58.9|61.4|58.8|61.1|60.4|54.9|60.7|61.3|59.0,59.627272727272725
www.youtube.com,05-19-2020,16:47:16,60.1|61.3|61.1|59.5|60.2|59.7|57.8|78.4|59.2|60.8|60.0,61.64545454545455
www.youtube.com,05-20-2020,15:17:21,59.9|60.4|59.5|57.5|57.8|59.6|56.6|57.6|59.3|56.8|57.5,58.40909090909091
www.youtube.com,05-20-2020,15:17:21,58.4|59.6|58.9|57.5|57.6|63.9|63.3|57.7|59.9|57.9|57.4,59.281818181818174
www.youtube.com,05-20-2020,16:49:18,60.9|60.0|60.0|60.9|58.4|59.9|59.6|62.4|59.2|60.4|61.2,60.26363636363637
www.youtube.com,05-20-2020,16:49:18,58.3|60.1|59.8|58.1|61.0|58.1|61.6|60.1|59.6|61.0|60.9,59.872727272727275
www.youtube.com,05-21-2020,15:19:26,58.8|58.5|58.8|60.5|58.9|59.9|60.5|59.7|61.4|58.9|61.4,59.75454545454545
www.youtube.com,05-21-2020,15:19:26,60.8|60.0|61.7|61.2|60.8|63.2|59.4|59.4|61.3|60.6|61.9,60.93636363636363
www.youtube.com,05-21-2020,16:50:24,58.6|59.2|61.2|62.9|59.9|58.2|60.9|62.0|57.1|59.6|60.0,59.96363636363637
www.youtube.com,05-21-2020,16:50:24,59.9|71.8|61.2|60.2|60.8|59.8|60.1|59.4|60.7|58.5|61.2,61.23636363636364
www.youtube.com,05-22-2020,15:18:47,112.0|100.0|112.0|62.0|110.0|109.0|86.5|105.0|72.8|110.0|118.0,99.75454545454545
www.youtube.com,05-22-2020,15:18:47,116.0|103.0|96.4|83.9|93.4|115.0|66.0|106.0|118.0|96.3|107.0,100.0909090909091
www.youtube.com,05-22-2020,20:44:34,60.0|58.1|62.1|57.9|74.7|59.2|60.0|60.2|59.2|57.3|61.8,60.95454545454545
www.youtube.com,05-22-2020,20:44:34,59.3|56.7|59.9|87.4|61.1|60.8|58.2|58.7|59.4|58.6|59.5,61.78181818181818
www.youtube.com,05-23-2020,16:23:52,103.0|62.5|76.1|68.8|65.0|64.4|65.3|66.5|67.4|67.3|65.2,70.13636363636364
www.youtube.com,05-23-2020,16:23:52,68.1|64.7|61.8|64.0|65.5|63.8|65.8|62.9|64.1|62.7|64.8,64.38181818181819
www.youtube.com,05-23-2020,17:20:02,60.9|61.9|62.3|61.9|61.6|67.6|61.1|61.8|64.6|62.0|61.8,62.5
www.youtube.com,05-23-2020,17:20:02,59.9|62.7|69.5|64.5|61.5|63.7|64.4|61.3|63.7|63.9|62.6,63.42727272727273
www.youtube.com,05-24-2020,17:04:31,63.8|63.6|62.8|60.3|62.5|143.0|62.5|62.3|63.2|61.9|64.9,70.07272727272726
www.youtube.com,05-24-2020,17:04:31,66.8|62.7|61.3|219.0|269.0|175.0|144.0|63.6|58.9|60.5|64.5,113.20909090909093
www.youtube.com,05-24-2020,23:09:48,61.0|61.4|59.2|63.4|63.5|61.9|63.8|58.1|59.6|59.4|154.0,69.57272727272726
www.youtube.com,05-24-2020,23:09:48,58.5|59.8|59.1|58.8|62.7|60.6|58.8|58.6|59.6|61.6|59.1,59.74545454545455
www.youtube.com,05-25-2020,15:16:59,59.8|61.3|61.5|62.0|63.9|59.9|63.1|65.2|62.7|64.6|62.7,62.427272727272744
www.youtube.com,05-25-2020,15:16:59,60.5|63.7|61.6|63.5|62.5|64.8|65.0|61.4|67.6|64.5|65.2,63.66363636363637
www.youtube.com,05-25-2020,16:35:51,64.6|62.0|61.5|59.9|62.3|71.3|61.8|62.8|61.7|63.1|63.2,63.10909090909092
www.youtube.com,05-25-2020,16:35:51,70.2|65.5|61.6|63.0|62.3|62.8|61.2|69.4|63.0|65.8|64.5,64.48181818181818
www.youtube.com,05-26-2020,19:46:35,58.5|60.5|68.3|58.4|86.2|59.6|67.6|59.4|71.8|59.7|58.7,64.42727272727274
www.youtube.com,05-26-2020,19:46:35,64.6|60.1|61.3|60.9|58.1|58.2|63.3|62.0|63.5|67.9|63.1,62.09090909090909
www.youtube.com,05-26-2020,16:35:18,58.8|59.8|90.4|60.1|59.7|59.1|60.2|59.4|58.9|60.7|60.6,62.51818181818182
www.youtube.com,05-26-2020,16:35:18,58.0|57.7|59.6|58.7|256.0|60.7|61.2|58.8|60.2|60.9|57.6,77.21818181818183
