en.wikipedia.org,05-13-2020,14:24:08,31.6|25.0|19.7|30.5|171.0|151.0|48.2|100.0|24.8|24.7,62.65
en.wikipedia.org,05-13-2020,14:24:08,28.6|22.8|23.9|28.5|25.4|29.7|23.5|28.6|23.7|25.8,26.05
en.wikipedia.org,05-13-2020,18:08:11,23.3|19.4|19.1|26.1|26.3|21.4|27.3|27.8|24.0|31.4|25.0,24.645454545454548
en.wikipedia.org,05-13-2020,18:08:11,25.4|30.8|22.9|29.2|25.3|31.0|27.8|25.6|23.5|24.0,26.55
en.wikipedia.org,05-14-2020,14:28:08,29.9|28.4|29.0|29.5|26.3|36.6|27.1|28.0|22.6|28.6,28.600000000000005
en.wikipedia.org,05-14-2020,14:28:08,63.9|128.0|163.0|214.0|27.2|26.0|29.6|30.7|19.9|33.7,73.6
en.wikipedia.org,05-14-2020,18:07:27,18.3|23.0|29.5|23.7|17.4|144.0|44.5|96.7|22.8|23.5|23.0,42.400000000000006
en.wikipedia.org,05-14-2020,18:07:27,21.1|31.3|23.0|31.6|23.3|37.5|31.7|30.8|23.3|24.3|25.9,27.61818181818182
en.wikipedia.org,05-15-2020,14:27:27,22.8|28.1|23.5|24.1|32.9|24.0|27.1|19.3|26.0,25.311111111111114
en.wikipedia.org,05-15-2020,14:27:27,150.0|46.1|95.2|18.8|24.5|23.9|32.1|33.3|20.9|28.6|23.1,45.13636363636364
en.wikipedia.org,05-15-2020,18:08:40,14.8|16.5|35.8|15.9|21.4|22.5|16.7|22.4|15.5|14.7,19.619999999999997
en.wikipedia.org,05-15-2020,18:08:40,17.4|21.9|19.0|22.4|22.2|22.5|22.1|23.7|21.6|28.1,22.089999999999996
en.wikipedia.org,05-16-2020,18:02:59,37.7|22.9|29.8|20.1|25.9|26.9|53.4|25.1|24.2|24.2,29.02
en.wikipedia.org,05-16-2020,18:02:59,18.9|25.8|27.7|27.8|27.5|31.6|22.4|25.8|24.4|26.1,25.8
en.wikipedia.org,05-17-2020,14:27:10,22.2|23.6|18.8|23.7|17.1|18.4|16.5|17.2|16.7|17.3,19.15
en.wikipedia.org,05-17-2020,14:27:10,22.2|22.2|23.0|25.3|24.3|25.7|18.5|17.1|18.2|26.0,22.249999999999996
en.wikipedia.org,05-17-2020,18:07:00,22.0|23.5|23.0|22.6|22.4|25.1|164.0|133.0|31.8|80.1,54.75
en.wikipedia.org,05-17-2020,18:07:00,22.6|23.0|22.3|17.6|22.6|24.3|26.2|30.3|18.1|23.4,23.04
en.wikipedia.org,05-18-2020,14:27:20,18.1|27.8|38.6|24.6|23.3|26.2|25.4|32.4|30.8|31.0,27.820000000000004
en.wikipedia.org,05-18-2020,14:27:20,24.1|29.9|24.0|33.4|34.0|27.1|34.5|32.2|24.8|25.7,28.97
en.wikipedia.org,05-18-2020,18:07:27,17.8|31.8|19.3|29.3|30.0|30.1|26.6|18.5|28.1|23.0|23.8,25.3
en.wikipedia.org,05-18-2020,18:07:27,23.7|27.5|51.2|30.7|14.0|156.0|78.5|262.0|21.2|27.8,69.26
en.wikipedia.org,05-19-2020,14:27:41,33.3|31.7|28.9|32.1|24.4|29.3|27.2|24.8|35.1|20.5,28.73
en.wikipedia.org,05-19-2020,14:27:41,40.2|31.8|24.6|26.9|31.2|28.3|30.7|29.5|25.6|29.0,29.78
en.wikipedia.org,05-19-2020,18:08:08,18.3|208.0|235.0|123.0|133.0|141.0|145.0|154.0|158.0|150.0|102.0,142.48181818181817
en.wikipedia.org,05-19-2020,18:08:08,27.3|110.0|169.0|109.0|113.0|126.0|143.0|103.0|110.0|94.1|125.0,111.76363636363635
en.wikipedia.org,05-20-2020,18:07:53,30.6|23.2|23.9|31.3|23.3|23.6|31.3|23.8|20.2|29.2,26.04
en.wikipedia.org,05-20-2020,18:07:53,15.6|69.9|23.8|30.6|27.9|23.7|26.3|25.0|21.7|22.2|27.3,28.545454545454547
en.wikipedia.org,05-21-2020,14:27:59,15.8|37.1|26.4|23.1|40.1|99.0|73.4|127.0|51.2|14.5|22.6,48.199999999999996
en.wikipedia.org,05-21-2020,14:27:59,31.5|61.2|25.0|30.0|25.5|36.0|32.5|22.9|19.9|30.5|29.8,31.345454545454547
en.wikipedia.org,05-21-2020,18:07:37,18.7|21.4|27.3|25.0|27.2|21.3|26.1|21.9|24.9|33.9|18.3,24.181818181818183
en.wikipedia.org,05-21-2020,18:07:37,23.4|25.3|26.2|24.5|26.0|25.8|24.7|16.9|29.6|21.9,24.43
en.wikipedia.org,05-22-2020,14:28:08,18.1|44.1|27.2|22.9|51.5|72.7|134.0|181.0|23.2|26.1,60.080000000000005
en.wikipedia.org,05-22-2020,14:28:08,24.2|25.3|23.3|22.2|24.0|25.1|24.2|12.8|26.8|25.3|28.7,23.809090909090912
en.wikipedia.org,05-23-2020,14:28:16,33.2|24.0|172.0|95.6|136.0|29.9|65.3|21.7|24.0|22.4,62.410000000000004
en.wikipedia.org,05-23-2020,14:28:16,23.0|24.1|24.3|23.8|17.2|22.8|24.5|23.6|16.4|22.9,22.26
en.wikipedia.org,05-23-2020,18:07:34,16.0|16.7|16.7|22.6|22.7|23.5|23.5|22.4|22.5|16.6|17.2,20.036363636363635
en.wikipedia.org,05-23-2020,18:07:34,23.1|23.6|22.1|23.8|28.7|18.0|44.9|21.5|61.7|139.0,40.64
en.wikipedia.org,05-24-2020,14:28:09,18.9|18.4|24.6|21.6|20.8|24.7|23.1|21.4|23.7|17.9|15.1,20.927272727272726
en.wikipedia.org,05-24-2020,14:28:09,15.2|17.0|26.5|23.8|30.3|23.3|22.7|30.4|24.2|28.3,24.169999999999998
en.wikipedia.org,05-24-2020,18:08:11,27.4|22.4|38.5|24.3|31.7|26.2|17.7,26.88571428571428
en.wikipedia.org,05-24-2020,18:08:11,24.2|28.7|23.9|15.8|23.0|17.9|27.2|15.9|16.5,21.455555555555556
en.wikipedia.org,05-25-2020,14:28:03,18.8|24.1|23.2|21.2|18.6|23.1|21.5|22.6|27.0|26.7|20.1,22.445454545454545
en.wikipedia.org,05-25-2020,14:28:03,24.4|24.2|30.1|26.6|24.5|67.6|20.4|59.1|114.0|147.0|201.0,67.17272727272727
en.wikipedia.org,05-25-2020,18:08:16,16.3|18.4|27.3|25.6|37.8|24.8|23.5|25.0|126.0|16.5|58.8,36.36363636363637
en.wikipedia.org,05-25-2020,18:08:16,20.8|23.0|24.7|22.4|21.7|23.5|18.2|22.2|22.5|23.2,22.22
en.wikipedia.org,05-26-2020,14:28:20,20.9|27.9|28.1|28.8|26.7|18.5|24.6|20.2|23.5|29.3,24.85
en.wikipedia.org,05-26-2020,14:28:20,17.9|28.0|23.2|24.1|38.1|24.9|31.6|23.9|30.7|24.0|23.0,26.30909090909091
en.wikipedia.org,05-26-2020,18:08:03,21.9|24.7|14.4|26.0|22.3|27.3|22.5|18.2|33.0|30.4,24.07
en.wikipedia.org,05-26-2020,18:08:03,15.0|20.4|28.4|24.4|27.4|16.5|19.9|18.0|25.5|15.4,21.09
