www.reddit.com,05-13-2020,14:24:08,44.4|54.1|47.1|45.6|42.3|47.6|34.8|48.1|39.8|41.2|42.6,44.32727272727273
www.reddit.com,05-13-2020,14:24:08,26.6|20.2|22.3|22.6|21.3|22.7|16.5|21.4|32.0|18.6|25.8,22.72727272727273
www.reddit.com,05-13-2020,18:08:11,62.4|68.1|69.1|74.0|68.7|67.0|60.8|68.1|72.3|74.3|67.7,68.4090909090909
www.reddit.com,05-13-2020,18:08:11,16.0|27.3|24.8|16.8|25.0|24.1|21.8|22.2|23.7|22.8|24.2,22.60909090909091
www.reddit.com,05-14-2020,14:28:08,23.5|46.9|30.9|25.9|25.9|32.1|24.6|26.9|25.6|30.2|27.1,29.05454545454546
www.reddit.com,05-14-2020,14:28:08,25.2|28.2|24.0|30.7|27.0|24.0|22.5|25.6|29.5|24.9|24.7,26.027272727272724
www.reddit.com,05-14-2020,18:07:27,142.0|22.5|80.2|120.0|25.8|14.2|84.0,69.81428571428572
www.reddit.com,05-14-2020,18:07:27,16.4|65.1|128.0|161.0|77.4|23.6|27.4|61.1|24.9|23.1|29.4,57.945454545454545
www.reddit.com,05-15-2020,14:27:27,37.6|34.4|45.4|39.8|42.7|37.3|44.5|47.8|39.5|39.7|34.1,40.25454545454546
www.reddit.com,05-15-2020,14:27:27,23.8|23.1|24.0|23.6|26.0|24.8|22.9|25.0|35.0|30.7|21.3,25.472727272727273
www.reddit.com,05-15-2020,18:08:40,15.7|15.4|21.5|15.1|22.0|14.7|14.0|20.5|19.7|15.4|30.4,18.581818181818182
www.reddit.com,05-15-2020,18:08:40,21.6|18.8|14.1|100.0|16.4|65.5|111.0|21.0|21.6|14.6|15.2,38.163636363636364
www.reddit.com,05-16-2020,18:02:59,16.5|18.3|17.4|25.8|28.7|22.6|18.2|16.2|24.5|165.0|18.1,33.75454545454546
www.reddit.com,05-16-2020,18:02:59,16.3|25.1|19.8|105.0|19.7|58.6|108.0|25.5|20.1|23.6|15.5,39.74545454545455
www.reddit.com,05-17-2020,14:27:10,19.6|22.7|26.9|22.4|24.3|26.5|19.2|17.1|17.2|20.2|17.4,21.227272727272723
www.reddit.com,05-17-2020,14:27:10,17.5|22.7|21.8|22.9|29.3|15.9|25.0|15.3|15.6|183.0|19.8,35.345454545454544
www.reddit.com,05-17-2020,18:07:00,15.6|23.5|22.4|21.0|23.3|31.6|22.0|21.8|18.0|23.4|21.7,22.209090909090907
www.reddit.com,05-17-2020,18:07:00,17.6|21.2|19.1|22.2|22.1|22.2|24.2|17.2|49.5|22.2|39.3,25.16363636363636
www.reddit.com,05-18-2020,14:27:20,17.2|30.4|17.0|26.6|26.5|23.9|29.0|27.9|27.3|17.8|26.1,24.518181818181823
www.reddit.com,05-18-2020,14:27:20,18.1|24.3|23.3|19.6|23.3|18.4|24.5|23.3|32.2|28.5|24.3,23.61818181818182
www.reddit.com,05-18-2020,18:07:27,16.7|28.7|24.0|27.7|23.8|25.9|28.8|22.4|23.7|33.0|37.5,26.563636363636363
www.reddit.com,05-18-2020,18:07:27,15.1|40.9|30.1|29.7|33.8|42.9|22.6|22.0|24.9|23.7|20.9,27.872727272727264
www.reddit.com,05-19-2020,14:27:41,45.8|40.1|45.1|51.0|41.6|42.1|36.6|42.4|43.7|45.0|44.8,43.47272727272727
www.reddit.com,05-19-2020,14:27:41,15.4|28.9|24.7|24.1|24.7|22.6|21.4|28.1|20.9|23.5|26.8,23.736363636363635
www.reddit.com,05-19-2020,18:08:08,49.8|335.0|401.0|291.0|300.0|372.0|314.0|254.0|307.0|283.0|262.0,288.07272727272726
www.reddit.com,05-19-2020,18:08:08,15.2|198.0|153.0|212.0|175.0|222.0|115.0|153.0|143.0|155.0|150.0,153.74545454545455
www.reddit.com,05-20-2020,18:07:53,16.1|19.8|25.0|23.0|22.3|23.8|21.7,21.67142857142857
www.reddit.com,05-20-2020,18:07:53,29.1|30.1|28.4|30.3|31.4|22.3|21.7|22.5|19.1|20.5|21.1,25.136363636363637
www.reddit.com,05-21-2020,14:27:59,16.4|23.5|24.1|16.3|27.4|25.5|26.8|27.2|18.0|23.9|28.3,23.400000000000002
www.reddit.com,05-21-2020,14:27:59,30.6|25.1|32.8|29.7|25.8|30.9|20.5|27.1|29.1|53.7,30.53
www.reddit.com,05-21-2020,18:07:37,14.7|26.9|26.4|23.6|28.2|37.6|18.8|22.3|22.6|20.5|15.7,23.39090909090909
www.reddit.com,05-21-2020,18:07:37,17.7|22.2|27.8|22.6|17.3|28.2|25.9|29.3|23.6|21.4|21.9,23.44545454545454
www.reddit.com,05-22-2020,14:28:08,17.4|23.4|26.5|140.0|66.6|20.3|34.2|26.3,44.3375
www.reddit.com,05-22-2020,14:28:08,18.5|25.8|29.3|19.6,23.299999999999997
www.reddit.com,05-23-2020,14:28:16,18.5|15.5|22.3|21.2|26.4|22.5|21.7|20.2|15.2|20.0|22.3,20.527272727272727
www.reddit.com,05-23-2020,14:28:16,16.1|22.5|29.2|16.4|20.8|20.9|20.3|15.3|14.9|15.8|26.7,19.900000000000002
www.reddit.com,05-23-2020,18:07:34,15.3|21.5|15.7|22.1|21.6|23.0|22.8|21.3|21.0|20.2,20.45
www.reddit.com,05-23-2020,18:07:34,28.6|20.7|23.9|15.4|21.4|28.8|20.3|21.4|22.5|20.8,22.380000000000003
www.reddit.com,05-24-2020,14:28:09,15.5|29.4|21.8|28.8|15.2|23.1|15.4|24.2|16.5|16.8|17.1,20.345454545454547
www.reddit.com,05-24-2020,14:28:09,14.8|15.6|16.2|20.9|16.6|16.9|18.3|21.9|22.2|21.5|21.0,18.718181818181815
www.reddit.com,05-24-2020,18:08:11,15.2|28.0|15.2|14.3|20.7|19.9|17.2|19.0|27.0|20.5|24.8,20.163636363636364
www.reddit.com,05-24-2020,18:08:11,31.2|21.9|30.4|28.0|31.5|17.1|22.4|27.0|23.0|23.4,25.59
www.reddit.com,05-25-2020,14:28:03,34.8|22.4|30.3|24.1|20.8|25.8|17.3|22.8|20.4|25.8|21.9,24.218181818181822
www.reddit.com,05-25-2020,14:28:03,148.0|41.8|89.9|13.9|21.7|15.4|21.3|20.1|15.8|23.5|20.6,39.27272727272728
www.reddit.com,05-25-2020,18:08:16,14.2|19.8|21.1|20.6|21.3|32.3|27.9|15.2|21.0|114.0|66.1,33.95454545454545
www.reddit.com,05-25-2020,18:08:16,15.7|25.0|20.6|31.3|20.1|26.1|22.9|16.0|19.6|18.3|20.7,21.48181818181818
www.reddit.com,05-26-2020,14:28:20,18.3|21.3|19.0|22.8|33.0|29.3|17.5|23.9|30.8|19.4|34.0,24.481818181818184
www.reddit.com,05-26-2020,14:28:20,40.1|28.9|27.5|29.4|19.1|21.3|41.0|22.7|30.7|28.1|26.4,28.654545454545453
www.reddit.com,05-26-2020,18:08:03,16.0|16.3|15.1|15.6|13.4|14.9|18.2|25.1|77.6|20.2|16.1,22.59090909090909
www.reddit.com,05-26-2020,18:08:03,15.2|16.3|19.9|24.5|17.6|17.2|15.0|19.9|13.8|21.3,18.07
