www.webmd.com,05-13-2020,15:18:07,37.6|36.5|34.9|37.1|38.9|38.3|37.8|35.6|38.1|35.3|36.7,36.981818181818184
www.webmd.com,05-13-2020,15:18:07,38.0|34.7|36.6|38.0|35.3|35.9|36.1|36.3|35.5|36.7|34.4,36.13636363636363
www.webmd.com,05-13-2020,16:45:04,34.6|34.9|36.2|35.1|35.4|35.5|34.2|37.3|35.1|34.5|39.6,35.67272727272728
www.webmd.com,05-13-2020,16:45:04,35.3|34.8|37.4|35.5|37.3|36.5|34.4|243.0|36.1|37.7|35.3,54.845454545454544
www.webmd.com,05-14-2020,15:16:02,34.8|35.0|36.2|36.0|36.0|35.3|37.0|46.5|38.0|37.1|34.5,36.945454545454545
www.webmd.com,05-14-2020,15:16:02,36.8|77.5|148.0|35.0|35.3|35.4|39.1|37.0|36.0|33.8|34.2,49.82727272727273
www.webmd.com,05-14-2020,16:42:02,29.8|36.1|35.7|36.3|35.7|33.3|34.4|34.4|35.3|34.1|34.7,34.52727272727273
www.webmd.com,05-14-2020,16:42:02,35.1|34.8|36.2|35.9|36.0|36.0|35.1|33.8|39.6|34.5|36.9,35.809090909090905
www.webmd.com,05-15-2020,17:20:23,35.7|38.4|34.9|35.9|36.9|37.5|37.3|35.5|35.7|35.4|38.8,36.54545454545454
www.webmd.com,05-15-2020,17:20:23,36.0|36.6|36.0|36.2|35.4|35.5|36.2|37.9|35.5|38.9|35.3,36.31818181818182
www.webmd.com,05-15-2020,16:43:58,37.9|35.7|36.3|36.3|37.5|36.3|36.2|37.2|36.0|34.8|36.3,36.40909090909091
www.webmd.com,05-15-2020,16:43:58,34.0|38.7|37.7|36.0|37.7|34.3|36.3|35.3|36.0|36.8|39.2,36.54545454545455
www.webmd.com,05-16-2020,15:16:18,38.6|46.2|40.5|52.4|41.2|43.2|40.7|42.4|40.9|43.9|40.6,42.78181818181818
www.webmd.com,05-16-2020,15:16:18,37.3|39.1|38.1|40.5|41.8|41.7|45.7|44.8|41.3|52.0|39.9,42.018181818181816
www.webmd.com,05-16-2020,16:43:13,39.2|49.5|47.6|42.0|41.2|44.7|42.1|41.3|41.1|38.2|42.0,42.62727272727273
www.webmd.com,05-16-2020,16:43:13,41.3|42.9|42.0|45.9|42.9|40.8|42.6|43.9|41.1|40.5|47.6,42.86363636363637
www.webmd.com,05-17-2020,15:13:26,40.7|41.1|41.4|40.2|39.8|40.6|42.8|42.1|40.7|43.5|39.2,41.1
www.webmd.com,05-17-2020,15:13:26,38.5|40.6|39.8|41.8|39.8|40.4|42.3|44.3|42.4|48.1|54.2,42.92727272727273
www.webmd.com,05-17-2020,16:41:22,36.7|38.1|40.3|36.9|39.1|74.4|37.5|40.3|39.6|39.7|41.9,42.22727272727273
www.webmd.com,05-17-2020,16:41:22,45.5|40.6|37.1|44.0|39.6|57.3|40.2|39.0|40.4|40.6|38.8,42.1
www.webmd.com,05-18-2020,15:13:06,34.5|37.2|34.9|36.1|35.2|34.2|35.4|37.0|38.6|43.4|35.1,36.50909090909091
www.webmd.com,05-18-2020,15:13:06,37.5|36.8|36.0|36.0|36.8|37.1|34.4|34.8|37.6|37.1|37.9,36.54545454545455
www.webmd.com,05-18-2020,16:43:23,37.6|37.1|93.5|45.9|122.0|145.0|149.0|35.2|35.9|36.6|35.4,70.29090909090908
www.webmd.com,05-18-2020,16:43:23,35.9|39.9|47.3|36.7|38.0|33.7|38.1|35.6|35.3|33.9|38.8,37.56363636363637
www.webmd.com,05-19-2020,15:14:48,34.7|41.7|36.7|42.7|36.9|35.4|38.8|35.2|34.4|36.0|35.3,37.07272727272727
www.webmd.com,05-19-2020,15:14:48,35.3|36.3|36.8|36.2|36.3|33.9|51.9|40.9|36.6|34.9|48.6,38.88181818181818
www.webmd.com,05-19-2020,16:41:27,34.5|34.3|34.0|36.4|36.7|36.8|36.7|35.4|37.2|134.0|35.9,44.71818181818181
www.webmd.com,05-19-2020,16:41:27,34.8|44.1|37.9|34.9|38.7|36.3|34.8|36.0|42.0|35.6|37.3,37.49090909090909
www.webmd.com,05-20-2020,15:11:37,34.3|36.2|34.5|35.6|35.0|36.0|34.7|36.9|35.9|34.6|34.6,35.300000000000004
www.webmd.com,05-20-2020,15:11:37,34.7|36.0|33.8|34.7|37.1|35.6|34.2|36.0|36.8|34.2|33.3,35.12727272727273
www.webmd.com,05-20-2020,16:43:32,36.0|35.2|36.0|37.2|35.5|36.3|36.5|36.5|35.5|39.0|53.6,37.936363636363645
www.webmd.com,05-20-2020,16:43:32,35.1|37.8|38.1|36.8|36.9|36.0|34.8|37.2|36.4|37.6|36.0,36.60909090909092
www.webmd.com,05-21-2020,15:13:44,34.7|35.9|36.8|36.1|38.6|34.7|36.3|36.0|36.7|36.7|36.1,36.23636363636364
www.webmd.com,05-21-2020,15:13:44,35.2|36.7|36.7|35.5|35.4|36.3|36.2|35.3|37.3|35.9|35.0,35.95454545454545
www.webmd.com,05-21-2020,16:44:39,35.6|36.3|36.3|36.0|35.0|37.5|36.5|35.5|34.4|37.8|35.6,36.04545454545455
www.webmd.com,05-21-2020,16:44:39,36.2|36.1|35.6|37.9|37.5|36.6|35.9|36.6|36.1|35.9|34.3,36.24545454545454
www.webmd.com,05-22-2020,15:12:59,68.1|87.1|75.4|82.8|89.5|79.8|81.6|95.9|79.7|89.3|80.8,82.72727272727273
www.webmd.com,05-22-2020,15:12:59,84.0|94.2|77.4|92.6|78.4|95.9|100.0|41.2|90.7|83.0|87.2,84.05454545454546
www.webmd.com,05-22-2020,20:38:50,35.5|34.8|36.9|36.4|36.6|36.2|36.0|35.1|36.4|35.6|35.6,35.91818181818182
www.webmd.com,05-22-2020,20:38:50,37.9|35.6|37.5|36.1|35.8|34.5|36.4|34.0|36.0|35.9|39.8,36.31818181818181
www.webmd.com,05-23-2020,16:18:05,37.9|39.2|42.8|38.7|40.2|39.2|37.4|38.8|38.9|112.0|36.7,45.61818181818182
www.webmd.com,05-23-2020,16:18:05,38.3|39.2|39.9|40.6|37.8|40.9|38.6|38.7|38.9|42.7|38.3,39.445454545454545
www.webmd.com,05-23-2020,17:14:16,36.3|39.4|44.9|40.3|38.0|37.5|38.1|38.0|46.2|37.7|39.3,39.60909090909091
www.webmd.com,05-23-2020,17:14:16,38.0|39.8|40.0|38.3|38.1|39.3|40.9|40.0|37.9|38.5|41.6,39.309090909090905
www.webmd.com,05-24-2020,15:24:07,39.1|37.8|44.2|42.8|41.0|40.0|39.1|38.9|44.3|39.5|37.6,40.39090909090909
www.webmd.com,05-24-2020,15:24:07,38.6|38.2|50.3|39.0|40.6|39.7|41.2|41.0|43.3|37.2|38.7,40.70909090909091
www.webmd.com,05-24-2020,23:04:00,38.2|35.4|36.7|34.9|38.0|35.5|37.3|37.0|37.6|36.6|36.7,36.71818181818182
www.webmd.com,05-24-2020,23:04:00,36.3|37.2|35.3|37.3|35.7|35.3|37.3|36.7|38.1|37.6|35.8,36.60000000000001
www.webmd.com,05-25-2020,15:11:13,39.5|38.3|41.9|40.7|38.0|38.5|39.8|39.8|37.7|37.1|38.4,39.06363636363636
www.webmd.com,05-25-2020,15:11:13,38.1|43.9|212.0|153.0|60.1|109.0|69.0|39.0|44.7|38.9|38.8,76.95454545454545
www.webmd.com,05-25-2020,16:30:04,38.3|35.6|37.4|40.9|37.6|38.6|40.2|41.2|38.3|38.4|39.2,38.699999999999996
www.webmd.com,05-25-2020,16:30:04,38.6|37.9|43.1|39.7|40.1|38.0|42.1|40.7|37.7|42.0|38.3,39.83636363636364
www.webmd.com,05-26-2020,19:40:50,52.3|37.5|142.0|79.5|141.0|34.3|38.3|37.5|35.4|37.0|44.5,61.75454545454546
www.webmd.com,05-26-2020,19:40:50,48.4|34.8|35.1|47.4|33.9|36.6|37.1|36.9|41.4|37.7|36.6,38.71818181818182
www.webmd.com,05-26-2020,16:29:34,36.2|38.0|59.8|35.8|41.2|36.0|38.2|35.2|162.0|36.0|37.4,50.52727272727273
www.webmd.com,05-26-2020,16:29:34,37.8|36.6|35.9|36.5|35.6|37.0|36.3|35.2|37.1|38.7|35.8,36.59090909090909
