www.cnn.com,05-13-2020,15:18:07,49.3|49.9|49.1|50.1|50.1|48.5|49.0|49.6|50.5|51.6|51.0,49.88181818181818
www.cnn.com,05-13-2020,15:18:07,50.5|49.9|49.7|48.9|49.8|50.0|50.4|50.9|51.4|50.4|53.4,50.48181818181818
www.cnn.com,05-13-2020,16:45:04,51.1|51.3|49.4|50.1|51.3|49.3|51.8|49.0|49.8|48.9|50.8,50.25454545454545
www.cnn.com,05-13-2020,16:45:04,49.3|51.8|50.0|49.9|52.6|50.9|48.5|51.5|49.8|49.7|51.2,50.472727272727276
www.cnn.com,05-14-2020,15:16:02,49.4|48.2|51.7|52.4|50.9|49.0|50.8|50.5|50.1|50.3|51.0,50.39090909090908
www.cnn.com,05-14-2020,15:16:02,50.2|52.2|49.1|49.7|51.3|52.6|50.4|52.4|51.9|50.9|51.7,51.127272727272725
www.cnn.com,05-14-2020,16:42:02,49.1|54.0|49.5|49.8|54.2|50.2|48.9|48.2|51.2|51.8|50.9,50.709090909090904
www.cnn.com,05-14-2020,16:42:02,49.6|50.7|51.2|50.0|48.4|50.4|52.2|52.1|49.7|52.0|51.5,50.709090909090904
www.cnn.com,05-15-2020,17:20:23,49.5|52.2|51.4|51.1|50.9|50.2|52.0|51.7|51.5|54.0|51.0,51.40909090909091
www.cnn.com,05-15-2020,17:20:23,49.8|51.1|49.4|50.8|50.7|51.0|48.6|52.5|48.7|52.2|48.9,50.33636363636363
www.cnn.com,05-15-2020,16:43:58,51.0|49.8|51.0|52.2|51.1|50.3|51.7|50.9|52.7|49.9|51.2,51.07272727272727
www.cnn.com,05-15-2020,16:43:58,49.5|49.8|48.2|50.0|49.5|50.7|51.8|57.6|82.3|50.9|50.4,53.7
www.cnn.com,05-16-2020,15:16:18,55.1|55.7|55.7|54.6|53.7|60.6|58.5|57.6|57.7|58.2|257.0,74.94545454545454
www.cnn.com,05-16-2020,15:16:18,53.2|55.5|55.2|54.2|55.8|52.8|54.5|54.2|76.0|53.0|55.3,56.33636363636364
www.cnn.com,05-16-2020,16:43:13,55.0|53.7|57.3|57.0|55.2|58.4|57.7|57.7|59.0|57.2|55.4,56.690909090909095
www.cnn.com,05-16-2020,16:43:13,53.7|58.6|54.0|54.9|58.1|60.6|55.5|54.1|53.9|57.6|60.0,56.45454545454545
www.cnn.com,05-17-2020,15:13:26,58.9|55.3|54.0|53.7|57.5|52.7|53.1|54.0|55.5|56.8|56.5,55.27272727272727
www.cnn.com,05-17-2020,15:13:26,58.9|55.9|57.5|54.9|59.0|55.7|54.3|56.3|54.4|56.7|60.3,56.71818181818182
www.cnn.com,05-17-2020,16:41:22,53.4|59.4|73.0|56.8|56.4|54.6|57.1|54.8|54.1|54.8|54.2,57.14545454545455
www.cnn.com,05-17-2020,16:41:22,57.4|53.6|57.7|55.5|54.0|80.7|55.9|54.2|53.3|54.8|54.1,57.381818181818176
www.cnn.com,05-18-2020,15:13:06,59.0|184.0|63.7|59.3|60.0|273.0|60.0|59.9|62.2|59.5|61.4,91.0909090909091
www.cnn.com,05-18-2020,15:13:06,60.5|61.3|211.0|64.4|59.8|59.3|60.8|59.2|59.9|59.2|57.9,73.93636363636364
www.cnn.com,05-18-2020,16:43:23,59.2|58.5|59.9|59.9|62.2|59.7|60.7|65.0|59.4|61.3|63.5,60.845454545454544
www.cnn.com,05-18-2020,16:43:23,60.1|62.4|60.1|66.5|59.9|65.3|61.2|58.5|59.8|60.4|60.8,61.36363636363635
www.cnn.com,05-19-2020,15:14:48,59.2|59.1|58.9|59.8|60.4|61.7|60.8|62.1|59.6|60.4|60.5,60.22727272727273
www.cnn.com,05-19-2020,15:14:48,58.7|59.8|61.0|61.3|60.3|60.1|58.8|71.1|61.5|59.9|60.1,61.14545454545455
www.cnn.com,05-19-2020,16:41:27,58.2|196.0|61.3|59.4|60.7|60.2|61.0|60.5|71.8|60.7|61.8,73.78181818181817
www.cnn.com,05-19-2020,16:41:27,83.2|61.7|58.4|61.1|180.0|176.0|242.0|154.0|198.0|516.0|97.3,166.15454545454546
www.cnn.com,05-20-2020,15:11:37,59.1|58.2|58.9|58.1|59.1|59.4|59.2|57.7|58.2|60.5|60.3,58.972727272727276
www.cnn.com,05-20-2020,15:11:37,60.1|59.2|58.9|58.9|59.8|60.0|59.2|59.3|59.6|61.1|59.9,59.63636363636363
www.cnn.com,05-20-2020,16:43:32,59.0|61.2|60.0|60.3|60.7|60.6|60.3|60.8|61.4|60.4|60.3,60.454545454545446
www.cnn.com,05-20-2020,16:43:32,59.5|59.1|62.0|60.8|59.4|60.2|59.8|60.6|60.8|59.7|60.5,60.21818181818182
www.cnn.com,05-21-2020,15:13:44,66.6|66.3|66.5|65.2|68.8|71.7|66.3|66.7|65.2|65.0|63.5,66.52727272727272
www.cnn.com,05-21-2020,15:13:44,65.4|65.0|67.2|69.4|68.7|65.8|90.9|67.1|65.3|64.9|66.2,68.71818181818182
www.cnn.com,05-21-2020,16:44:39,65.1|65.2|66.3|66.0|95.7|65.6|65.6|66.7|66.6|67.4|64.2,68.58181818181819
www.cnn.com,05-21-2020,16:44:39,65.2|67.0|65.6|65.5|67.7|65.6|68.2|66.5|66.3|64.2|64.0,65.98181818181818
www.cnn.com,05-22-2020,15:12:59,65.4|64.8|65.2|65.0|64.1|63.8|64.0|66.0|65.3|66.8|66.0,65.12727272727271
www.cnn.com,05-22-2020,15:12:59,64.2|63.2|63.4|64.5|64.7|64.6|65.4|65.2|66.3|64.8|81.3,66.14545454545454
www.cnn.com,05-22-2020,20:38:50,65.6|178.0|200.0|251.0|310.0|65.3|65.2|69.3|63.9|64.2|65.0,127.04545454545456
www.cnn.com,05-22-2020,20:38:50,72.6|65.5|68.3|74.4|68.1|95.2|67.7|67.9|72.5|72.0|65.6,71.80000000000001
www.cnn.com,05-23-2020,16:18:05,67.8|68.3|187.0|70.1|69.6|69.3|69.0|69.7|71.8|68.3|70.5,80.12727272727271
www.cnn.com,05-23-2020,16:18:05,68.5|68.0|69.8|67.9|69.8|67.4|69.5|67.4|68.3|68.4|70.3,68.66363636363634
www.cnn.com,05-23-2020,17:14:16,67.8|70.3|108.0|69.0|69.2|69.9|68.6|69.0|69.3|68.6|71.0,72.7909090909091
www.cnn.com,05-23-2020,17:14:16,67.7|78.8|67.7|72.7|74.1|68.3|68.8|111.0|66.9|66.7|69.7,73.85454545454546
www.cnn.com,05-24-2020,15:24:07,96.4|69.7|72.4|72.0|72.2|80.0|70.1|68.7|71.5|73.4|69.3,74.15454545454544
www.cnn.com,05-24-2020,15:24:07,74.7|71.8|67.6|70.7|71.5|74.4|68.3|66.7|68.2|71.7|69.1,70.42727272727274
www.cnn.com,05-24-2020,23:04:00,64.8|66.5|67.8|76.7|65.7|67.0|69.8|66.7|65.8|65.5|67.2,67.5909090909091
www.cnn.com,05-24-2020,23:04:00,65.3|66.6|64.4|85.5|66.8|66.6|65.7|69.7|65.2|64.4|65.0,67.74545454545454
www.cnn.com,05-25-2020,15:11:13,69.3|67.8|69.2|71.2|68.9|67.7|68.5|69.6|68.8|71.6|67.1,69.06363636363636
www.cnn.com,05-25-2020,15:11:13,66.5|68.7|76.3|67.9|70.1|69.6|72.8|68.0|69.5|69.9|69.7,69.9090909090909
www.cnn.com,05-25-2020,16:30:04,70.7|78.0|79.6|69.3|67.6|69.4|71.2|68.7|75.9|105.0|66.6,74.72727272727273
www.cnn.com,05-25-2020,16:30:04,309.0|69.2|70.5|69.0|71.5|69.9|66.3|70.9|73.5|147.0|65.6,98.4
www.cnn.com,05-26-2020,19:40:50,64.6|64.8|67.1|65.4|71.8|90.5|66.8|69.1|65.9|66.8|64.4,68.83636363636361
www.cnn.com,05-26-2020,19:40:50,123.0|65.4|68.6|64.4|67.2|65.7|68.8|64.8|66.6|66.8|69.1,71.85454545454546
www.cnn.com,05-26-2020,16:29:34,64.9|67.7|67.2|65.7|60.6|65.1|67.1|66.4|68.2|67.9|66.2,66.09090909090911
www.cnn.com,05-26-2020,16:29:34,66.1|66.4|68.2|66.5|66.1|80.6|67.1|66.3|67.6|66.0|67.1,68.0
