www.whitehouse.gov,05-13-2020,15:18:07,65.9|67.5|70.9|67.4|66.1|66.6|68.5|65.8|66.5|66.2|66.1,67.04545454545456
www.whitehouse.gov,05-13-2020,15:18:07,65.9|65.7|68.0|65.7|60.7|68.4|66.4|67.2|66.4|67.7|66.5,66.23636363636363
www.whitehouse.gov,05-13-2020,16:45:04,67.1|65.0|65.9|65.5|69.1|66.1|67.0|65.4|66.2|68.2|67.2,66.60909090909092
www.whitehouse.gov,05-13-2020,16:45:04,67.7|67.2|66.8|67.1|67.7|66.3|66.4|66.2|66.7|66.9|70.9,67.26363636363637
www.whitehouse.gov,05-14-2020,15:16:02,67.6|67.6|68.7|68.0|67.2|68.2|66.6|67.1|66.4|78.3|65.9,68.32727272727271
www.whitehouse.gov,05-14-2020,15:16:02,66.0|67.1|66.7|70.3|75.0|66.8|102.0|66.2|67.4|70.4|66.8,71.33636363636363
www.whitehouse.gov,05-14-2020,16:42:02,69.8|67.8|68.1|82.4|67.0|66.4|70.0|75.4|66.9|68.9|65.7,69.85454545454546
www.whitehouse.gov,05-14-2020,16:42:02,67.9|66.1|66.4|66.9|68.1|70.6|70.0|67.9|66.7|65.5|73.5,68.14545454545456
www.whitehouse.gov,05-15-2020,17:20:23,65.9|69.2|66.6|67.5|66.0|66.6|66.2|69.3|66.0|68.5|66.5,67.11818181818182
www.whitehouse.gov,05-15-2020,17:20:23,65.7|65.6|66.4|67.4|66.2|66.1|67.3|66.7|70.9|68.6|66.7,67.05454545454546
www.whitehouse.gov,05-15-2020,16:43:58,66.9|68.0|66.1|65.1|66.7|68.6|67.0|67.4|66.6|65.9|66.5,66.80000000000001
www.whitehouse.gov,05-15-2020,16:43:58,68.8|67.3|67.3|66.1|64.7|68.6|69.9|77.4|68.4|71.8|69.2,69.04545454545455
www.whitehouse.gov,05-16-2020,15:16:18,69.9|74.1|71.9|72.8|76.4|69.5|80.2|71.7|71.0|70.7|85.3,73.95454545454545
www.whitehouse.gov,05-16-2020,15:16:18,72.2|69.9|69.4|75.4|72.4|219.0|235.0|297.0|165.0|69.6|76.8,129.24545454545452
www.whitehouse.gov,05-16-2020,16:43:13,71.7|73.9|71.2|78.7|70.5|77.1|71.5|72.6|73.4|72.9|72.7,73.2909090909091
www.whitehouse.gov,05-16-2020,16:43:13,72.4|71.7|72.4|73.3|83.6|71.0|72.4|72.8|72.5|72.5|71.5,73.28181818181817
www.whitehouse.gov,05-17-2020,15:13:26,72.5|75.2|76.1|72.2|75.2|72.2|71.9|71.9|73.2|74.0|74.0,73.4909090909091
www.whitehouse.gov,05-17-2020,15:13:26,71.1|70.3|77.4|74.6|74.0|78.3|71.9|231.0|72.1|74.6|77.6,88.44545454545454
www.whitehouse.gov,05-17-2020,16:41:22,73.2|69.6|70.5|70.6|68.3|73.8|69.1|84.3|71.5|72.1|70.1,72.10000000000001
www.whitehouse.gov,05-17-2020,16:41:22,82.6|68.6|83.9|69.9|74.2|72.3|69.6|69.4|93.0|69.0|67.7,74.56363636363636
www.whitehouse.gov,05-18-2020,15:13:06,66.6|65.8|68.0|66.2|67.2|68.1|69.8|66.2|69.3|66.8|67.5,67.40909090909089
www.whitehouse.gov,05-18-2020,15:13:06,66.4|67.1|67.0|80.0|69.0|66.8|66.9|66.9|76.5|65.2|66.7,68.95454545454547
www.whitehouse.gov,05-18-2020,16:43:23,66.7|71.4|66.9|70.1|67.7|65.0|89.0|79.2|66.6|66.2|66.9,70.51818181818182
www.whitehouse.gov,05-18-2020,16:43:23,66.4|67.4|67.7|68.0|66.0|67.7|68.2|68.1|100.0|66.9|67.5,70.35454545454546
www.whitehouse.gov,05-19-2020,15:14:48,67.0|67.2|65.9|66.9|72.1|66.7|67.9|66.8|66.9|66.4|67.1,67.35454545454546
www.whitehouse.gov,05-19-2020,15:14:48,66.0|67.3|71.0|68.7|65.8|68.5|68.0|68.5|66.2|68.8|66.1,67.71818181818182
www.whitehouse.gov,05-19-2020,16:41:27,67.1|68.1|67.6|65.9|67.7|69.7|66.5|66.9|67.8|67.8|68.5,67.6
www.whitehouse.gov,05-19-2020,16:41:27,66.3|66.0|66.9|66.7|66.0|66.1|65.0|75.0|66.2|69.0|67.4,67.32727272727273
www.whitehouse.gov,05-20-2020,15:11:37,66.1|66.6|66.7|69.0|64.6|65.4|62.8|65.7|65.6|74.7|64.7,66.53636363636365
www.whitehouse.gov,05-20-2020,15:11:37,66.2|64.6|65.8|67.5|64.2|66.6|65.7|67.4|67.1|71.3|65.9,66.57272727272726
www.whitehouse.gov,05-20-2020,16:43:32,66.5|67.0|64.8|66.0|67.4|70.4|68.0|66.6|70.1|65.5|64.5,66.98181818181818
www.whitehouse.gov,05-20-2020,16:43:32,66.2|67.7|66.1|67.3|67.1|72.5|66.8|67.0|69.0|67.2|69.1,67.81818181818181
www.whitehouse.gov,05-21-2020,15:13:44,66.8|66.4|69.8|64.7|66.8|68.2|66.8|68.2|68.4|68.2|67.2,67.40909090909092
www.whitehouse.gov,05-21-2020,15:13:44,69.9|78.0|66.5|65.7|77.2|68.4|67.9|67.6|67.3|66.3|68.5,69.39090909090909
www.whitehouse.gov,05-21-2020,16:44:39,66.6|68.0|68.8|67.4|78.1|68.6|66.9|67.5|69.0|67.7|68.3,68.80909090909091
www.whitehouse.gov,05-21-2020,16:44:39,65.8|67.3|66.9|65.4|66.3|68.4|69.8|69.2|66.0|67.5|68.7,67.39090909090909
www.whitehouse.gov,05-22-2020,15:12:59,112.0|117.0|122.0|67.3|103.0|108.0|99.6|93.0|99.0|102.0|112.0,103.17272727272729
www.whitehouse.gov,05-22-2020,15:12:59,128.0|91.3|97.9|107.0|119.0|130.0|112.0|126.0|129.0|111.0|121.0,115.65454545454546
www.whitehouse.gov,05-22-2020,20:38:50,66.3|69.5|68.7|85.2|65.6|65.1|67.0|172.0|68.5|64.5|73.6,78.72727272727273
www.whitehouse.gov,05-22-2020,20:38:50,64.6|64.4|65.8|65.9|66.8|98.2|65.2|65.7|66.7|66.3|67.6,68.83636363636363
www.whitehouse.gov,05-23-2020,16:18:05,69.1|71.6|71.4|70.4|68.7|74.2|69.7|71.1|69.2|70.9|75.2,71.04545454545456
www.whitehouse.gov,05-23-2020,16:18:05,72.5|71.1|71.2|69.9|69.1|71.6|72.0|67.9|74.1|69.5|70.4,70.84545454545456
www.whitehouse.gov,05-23-2020,17:14:16,69.8|67.9|70.6|69.5|70.0|70.2|70.1|71.0|73.1|71.4|69.9,70.31818181818181
www.whitehouse.gov,05-23-2020,17:14:16,68.6|70.3|69.0|69.2|76.9|69.6|70.7|73.0|68.9|71.6|70.7,70.77272727272727
www.whitehouse.gov,05-24-2020,15:24:07,68.0|72.3|73.1|69.8|69.7|69.7|73.0|73.7|71.2|69.6|70.8,70.99090909090908
www.whitehouse.gov,05-24-2020,15:24:07,69.8|69.8|81.7|72.8|70.3|69.3|73.1|69.5|69.5|69.3|71.0,71.46363636363635
www.whitehouse.gov,05-24-2020,23:04:00,67.6|67.3|68.6|67.0|67.2|66.2|68.2|68.0|66.0|67.4|67.0,67.31818181818181
www.whitehouse.gov,05-24-2020,23:04:00,72.2|66.8|66.7|65.8|73.9|66.4|66.2|66.5|67.5|66.9|67.1,67.81818181818181
www.whitehouse.gov,05-25-2020,15:11:13,69.1|69.0|69.8|69.6|73.9|69.8|72.7|79.0|67.6|68.3|68.1,70.62727272727273
www.whitehouse.gov,05-25-2020,15:11:13,68.2|69.8|69.2|71.3|91.4|67.6|68.0|68.9|72.0|68.7|69.5,71.32727272727273
www.whitehouse.gov,05-25-2020,16:30:04,70.7|69.9|71.2|72.9|67.8|71.7|66.5|71.8|76.9|71.0|66.3,70.60909090909091
www.whitehouse.gov,05-25-2020,16:30:04,84.6|70.4|71.2|70.4|70.8|73.7|71.3|71.7|73.1|68.4|74.2,72.70909090909092
www.whitehouse.gov,05-26-2020,19:40:50,69.2|90.1|201.0|69.5|66.2|68.9|67.7|65.4|65.6|65.1|65.2,81.26363636363637
www.whitehouse.gov,05-26-2020,19:40:50,100.0|64.8|69.9|67.4|65.6|66.9|66.5|68.0|66.2|65.5|65.9,69.7
www.whitehouse.gov,05-26-2020,16:29:34,64.1|94.1|65.4|68.4|65.6|66.9|66.8|67.9|66.6|66.9|65.9,68.96363636363637
www.whitehouse.gov,05-26-2020,16:29:34,66.9|66.4|66.9|68.1|67.8|68.5|66.7|65.5|68.0|66.3|66.1,67.01818181818182
