www.letgo.com,05-13-2020,15:18:07,73.0|74.5|72.7|73.2|74.7|74.7|74.9|74.9|74.0|72.8|74.0,73.94545454545454
www.letgo.com,05-13-2020,15:18:07,74.2|73.5|173.0|301.0|169.0|147.0|74.4|185.0|77.5|72.7|73.0,129.11818181818182
www.letgo.com,05-13-2020,16:45:04,78.6|74.0|73.5|73.7|74.9|74.4|76.6|73.6|74.0|74.0|73.9,74.65454545454544
www.letgo.com,05-13-2020,16:45:04,75.4|73.1|74.7|75.3|73.6|75.8|75.2|74.0|73.8|72.7|74.3,74.35454545454544
www.letgo.com,05-14-2020,15:16:02,72.9|74.6|73.0|72.7|77.0|72.3|73.8|73.5|75.4|74.8|75.8,74.16363636363634
www.letgo.com,05-14-2020,15:16:02,74.7|74.8|75.8|81.6|74.6|76.1|72.4|75.0|82.1|74.2|74.9,76.01818181818182
www.letgo.com,05-14-2020,16:42:02,73.3|74.1|74.6|223.0|73.0|71.5|75.5|73.5|73.3|72.5|73.8,87.1
www.letgo.com,05-14-2020,16:42:02,73.8|74.4|75.9|74.0|75.6|73.5|73.8|73.2|73.2|73.7|119.0,78.1909090909091
www.letgo.com,05-15-2020,17:20:23,85.8|73.5|74.5|74.8|74.4|73.5|73.1|73.9|75.3|77.4|76.8,75.72727272727272
www.letgo.com,05-15-2020,17:20:23,74.1|74.2|74.1|74.0|75.9|76.2|76.0|89.6|76.4|74.2|301.0,96.88181818181819
www.letgo.com,05-15-2020,16:43:58,73.8|74.8|73.6|73.5|76.3|72.8|73.2|75.7|72.1|74.8|73.7,74.02727272727273
www.letgo.com,05-15-2020,16:43:58,74.4|73.0|75.1|75.5|76.0|72.8|76.7|73.8|77.9|75.4|74.0,74.96363636363635
www.letgo.com,05-16-2020,15:16:18,78.9|80.8|79.9|83.0|82.0|83.9|79.6|86.1|80.4|95.4|80.6,82.78181818181818
www.letgo.com,05-16-2020,15:16:18,80.4|78.0|77.2|79.0|78.4|77.8|80.7|91.9|79.5|77.4|92.7,81.18181818181819
www.letgo.com,05-16-2020,16:43:13,80.2|80.1|81.6|84.6|80.7|83.2|79.1|78.6|169.0|191.0|83.7,99.25454545454545
www.letgo.com,05-16-2020,16:43:13,89.3|81.7|80.6|80.8|84.0|84.5|80.3|78.9|84.0|80.2|88.8,83.0090909090909
www.letgo.com,05-17-2020,15:13:26,77.5|81.1|80.3|78.1|80.0|77.7|77.8|79.5|77.0|80.0|82.0,79.18181818181819
www.letgo.com,05-17-2020,15:13:26,78.7|82.3|81.9|89.6|80.7|77.9|77.7|78.6|79.6|80.9|77.9,80.52727272727273
www.letgo.com,05-17-2020,16:41:22,80.4|77.3|80.3|79.9|78.3|81.8|80.8|88.8|77.7|78.3|76.6,80.01818181818182
www.letgo.com,05-17-2020,16:41:22,76.1|103.0|81.8|78.8|78.3|76.3|87.0|81.5|81.2|78.8|77.2,81.81818181818181
www.letgo.com,05-18-2020,15:13:06,75.7|73.2|74.7|74.2|74.8|74.5|76.5|74.2|75.9|75.0|75.4,74.91818181818181
www.letgo.com,05-18-2020,15:13:06,72.8|73.9|74.0|75.4|77.3|73.0|75.8|74.3|74.8|73.2|72.9,74.30909090909091
www.letgo.com,05-18-2020,16:43:23,74.4|75.0|75.0|74.4|73.6|73.3|74.8|75.1|73.0|75.6|75.0,74.47272727272727
www.letgo.com,05-18-2020,16:43:23,74.7|74.4|74.6|75.0|78.3|75.1|72.2|76.9|74.2|75.2|74.5,75.00909090909092
www.letgo.com,05-19-2020,15:14:48,75.5|74.7|75.4|76.0|75.9|77.8|74.4|74.5|74.3|73.6|75.1,75.2
www.letgo.com,05-19-2020,15:14:48,73.4|73.7|74.9|73.7|74.9|76.4|75.4|74.2|74.8|74.6|74.6,74.60000000000001
www.letgo.com,05-19-2020,16:41:27,81.1|79.7|79.8|79.9|78.2|81.0|76.2|76.6|91.0|80.2|78.9,80.23636363636363
www.letgo.com,05-19-2020,16:41:27,84.2|78.4|78.3|78.3|75.7|82.3|78.9|79.5|79.2|77.2|78.3,79.11818181818182
www.letgo.com,05-20-2020,15:11:37,74.6|72.8|72.4|72.8|72.8|72.9|73.0|74.8|73.5|72.8|73.1,73.22727272727272
www.letgo.com,05-20-2020,15:11:37,73.2|74.2|73.0|73.8|74.9|77.0|73.5|74.5|72.9|85.8|73.1,75.08181818181818
www.letgo.com,05-20-2020,16:43:32,73.7|74.6|74.0|86.9|74.6|75.4|73.9|73.8|74.9|75.3|74.0,75.55454545454546
www.letgo.com,05-20-2020,16:43:32,77.2|75.3|76.9|74.8|75.1|75.0|75.6|73.6|75.6|76.8|75.4,75.57272727272726
www.letgo.com,05-21-2020,15:13:44,83.9|83.3|81.3|85.6|82.1|82.3|84.3|82.7|83.1|81.4|84.1,83.10000000000001
www.letgo.com,05-21-2020,15:13:44,83.6|82.4|80.7|81.8|82.5|83.2|256.0|81.4|83.2|82.4|82.7,98.17272727272726
www.letgo.com,05-21-2020,16:44:39,82.2|82.1|82.6|83.0|81.9|84.5|82.3|81.9|80.8|83.5|80.7,82.31818181818181
www.letgo.com,05-21-2020,16:44:39,81.8|83.0|80.5|85.2|83.4|82.2|81.7|77.8|83.3|81.6|83.1,82.14545454545454
www.letgo.com,05-22-2020,15:12:59,72.4|72.0|73.5|74.1|73.3|76.5|73.9|73.0|71.3|72.8|73.9,73.33636363636363
www.letgo.com,05-22-2020,15:12:59,72.2|74.3|72.2|72.9|74.3|72.7|73.5|73.1|75.0|73.4|74.5,73.46363636363637
www.letgo.com,05-22-2020,20:38:50,72.8|102.0|78.0|87.4|101.0|101.0|74.6|75.3|73.6|98.2|220.0,98.53636363636365
www.letgo.com,05-22-2020,20:38:50,73.1|72.1|79.4|73.2|75.6|89.0|76.2|90.3|74.0|192.0|74.5,88.12727272727274
www.letgo.com,05-23-2020,16:18:05,81.2|111.0|79.2|76.9|180.0|77.6|80.1|78.3|78.1|77.4|77.5,90.66363636363636
www.letgo.com,05-23-2020,16:18:05,76.4|77.7|76.0|75.8|76.7|77.4|75.7|77.3|77.9|78.6|79.4,77.17272727272727
www.letgo.com,05-23-2020,17:14:16,74.9|78.1|77.2|78.1|78.0|80.7|77.0|78.4|77.6|80.8|79.3,78.19090909090909
www.letgo.com,05-23-2020,17:14:16,76.9|76.2|77.1|76.5|80.4|78.2|77.1|76.4|80.0|75.9|79.2,77.62727272727274
www.letgo.com,05-24-2020,15:24:07,76.9|77.4|77.0|83.9|84.0|79.1|75.7|75.7|77.4|80.5|78.4,78.72727272727273
www.letgo.com,05-24-2020,15:24:07,78.0|77.3|249.0|96.8|78.3|78.2|123.0|95.0|169.0|99.6|80.8,111.36363636363635
www.letgo.com,05-24-2020,23:04:00,73.6|78.2|80.9|70.4|75.0|80.2|72.9|75.5|74.5|74.7|78.2,75.82727272727274
www.letgo.com,05-24-2020,23:04:00,77.5|75.4|80.2|75.4|74.8|74.4|73.9|72.3|74.4|75.2|74.6,75.28181818181818
www.letgo.com,05-25-2020,15:11:13,77.1|75.9|76.5|78.1|76.1|78.6|78.1|75.5|77.1|77.9|77.2,77.10000000000001
www.letgo.com,05-25-2020,15:11:13,73.6|77.0|76.7|82.9|77.5|76.2|80.8|77.6|77.8|76.4|77.6,77.64545454545454
www.letgo.com,05-25-2020,16:30:04,275.0|152.0|216.0|344.0|263.0|181.0|230.0|78.6|181.0|245.0|267.0,221.14545454545453
www.letgo.com,05-25-2020,16:30:04,77.4|76.5|76.4|84.0|78.0|78.2|78.3|79.7|77.9|81.8|79.6,78.89090909090909
www.letgo.com,05-26-2020,19:40:50,112.0|74.7|67.5|79.7|72.5|76.7|74.3|131.0|74.7|77.7|77.0,83.43636363636364
www.letgo.com,05-26-2020,19:40:50,81.6|73.2|76.3|74.9|99.2|73.6|75.9|75.6|77.4|100.0|76.8,80.40909090909089
www.letgo.com,05-26-2020,16:29:34,74.2|74.0|78.2|75.3|77.1|280.0|81.7|75.3|76.2|72.6|75.7,94.57272727272726
www.letgo.com,05-26-2020,16:29:34,76.1|74.3|73.5|76.2|74.5|76.5|74.4|76.1|82.0|126.0|248.0,96.14545454545454
