www.medlineplus.gov,05-13-2020,15:18:07,64.3|65.6|65.8|65.3|70.2|64.7|65.8|64.9|65.1|68.4|66.4,66.04545454545455
www.medlineplus.gov,05-13-2020,15:18:07,65.5|70.6|71.7|66.8|66.2|66.3|66.5|67.6|65.3|64.7|71.9,67.55454545454546
www.medlineplus.gov,05-13-2020,16:45:04,67.0|64.9|66.7|66.3|66.5|67.0|65.1|66.8|65.2|66.1|64.5,66.00909090909092
www.medlineplus.gov,05-13-2020,16:45:04,65.0|77.1|67.3|65.1|66.5|67.0|185.0|313.0|173.0|152.0|67.6,118.05454545454545
www.medlineplus.gov,05-14-2020,15:16:02,65.4|66.7|66.5|65.9|65.8|64.7|67.8|66.6|66.4|67.0|64.9,66.15454545454544
www.medlineplus.gov,05-14-2020,15:16:02,64.5|65.6|66.8|65.0|68.0|68.0|67.8|68.5|67.2|65.0|131.0,72.4909090909091
www.medlineplus.gov,05-14-2020,16:42:02,65.1|90.6|67.0|129.0|65.1|65.3|64.4|220.0|65.7|66.8|67.2,87.83636363636364
www.medlineplus.gov,05-14-2020,16:42:02,65.8|67.0|66.0|65.3|73.2|66.9|64.4|65.5|64.2|66.9|62.1,66.11818181818182
www.medlineplus.gov,05-15-2020,17:20:23,66.4|66.8|66.2|66.9|70.2|65.7|67.1|67.2|64.9|65.5|66.6,66.68181818181819
www.medlineplus.gov,05-15-2020,17:20:23,67.4|76.3|65.5|65.3|65.9|65.6|66.9|66.7|67.1|66.0|66.7,67.21818181818183
www.medlineplus.gov,05-15-2020,16:43:58,68.4|64.7|67.0|64.7|69.1|65.5|68.6|65.4|66.4|68.5|65.9,66.74545454545455
www.medlineplus.gov,05-15-2020,16:43:58,67.3|65.4|66.2|66.6|66.8|65.2|65.7|64.4|66.6|65.8|66.1,66.00909090909092
www.medlineplus.gov,05-16-2020,15:16:18,72.7|75.9|71.1|69.0|72.4|71.9|72.3|71.7|71.2|70.0|69.5,71.60909090909091
www.medlineplus.gov,05-16-2020,15:16:18,68.0|70.5|71.2|81.2|74.3|75.2|69.5|77.9|68.3|70.0|70.1,72.38181818181818
www.medlineplus.gov,05-16-2020,16:43:13,69.3|71.4|73.7|75.0|72.7|77.5|74.4|79.9|76.6|71.2|71.2,73.9
www.medlineplus.gov,05-16-2020,16:43:13,71.4|70.6|70.5|70.6|73.2|70.7|72.1|68.4|230.0|146.0|202.0,104.13636363636364
www.medlineplus.gov,05-17-2020,15:13:26,70.9|72.6|68.9|70.5|70.8|69.9|68.0|69.1|73.0|72.3|68.9,70.44545454545454
www.medlineplus.gov,05-17-2020,15:13:26,72.3|69.7|68.4|72.7|71.6|82.7|72.0|70.3|70.2|71.0|72.3,72.10909090909091
www.medlineplus.gov,05-17-2020,16:41:22,70.1|71.4|70.8|71.7|73.9|69.6|83.8|101.0|71.0|70.4|70.7,74.94545454545454
www.medlineplus.gov,05-17-2020,16:41:22,70.6|71.3|73.3|73.2|69.7|68.6|69.8|77.3|71.5|69.7|73.1,71.64545454545454
www.medlineplus.gov,05-18-2020,15:13:06,64.3|66.8|99.9|65.7|64.1|67.6|65.8|65.2|67.6|68.6|68.0,69.41818181818184
www.medlineplus.gov,05-18-2020,15:13:06,65.2|67.2|66.6|66.6|65.4|67.3|69.7|67.4|64.9|101.0|67.6,69.9
www.medlineplus.gov,05-18-2020,16:43:23,65.5|95.6|71.9|67.0|67.2|66.8|67.2|66.7|79.3|64.8|67.2,70.83636363636363
www.medlineplus.gov,05-18-2020,16:43:23,66.0|65.1|68.4|67.9|64.8|65.5|63.9|67.7|65.4|65.8|67.6,66.19090909090909
www.medlineplus.gov,05-19-2020,15:14:48,65.5|65.5|67.9|66.9|67.4|69.1|66.8|66.0|67.7|67.7|68.9,67.21818181818183
www.medlineplus.gov,05-19-2020,15:14:48,63.4|65.4|66.0|65.9|67.6|67.0|66.5|67.6|69.1|65.8|65.4,66.33636363636364
www.medlineplus.gov,05-19-2020,16:41:27,126.0|64.6|66.9|65.9|96.0|61.5|76.5|65.0|66.4|65.9|64.4,74.46363636363635
www.medlineplus.gov,05-19-2020,16:41:27,64.7|69.0|66.3|67.6|64.9|65.0|65.4|65.8|65.5|68.3|67.2,66.33636363636364
www.medlineplus.gov,05-20-2020,15:11:37,65.9|63.8|63.7|64.0|65.2|64.4|65.0|64.0|64.1|64.2|66.9,64.65454545454546
www.medlineplus.gov,05-20-2020,15:11:37,63.5|64.4|66.6|65.9|64.2|65.7|66.0|64.9|65.2|65.2|63.1,64.97272727272728
www.medlineplus.gov,05-20-2020,16:43:32,65.7|68.6|65.0|64.4|66.0|66.6|69.3|65.8|66.2|64.9|67.2,66.33636363636366
www.medlineplus.gov,05-20-2020,16:43:32,65.4|67.6|65.6|67.0|66.1|66.5|64.5|77.8|66.8|72.3|66.7,67.84545454545454
www.medlineplus.gov,05-21-2020,15:13:44,65.9|66.3|71.1|66.8|67.4|66.2|67.4|65.9|67.4|66.4|69.1,67.26363636363637
www.medlineplus.gov,05-21-2020,15:13:44,63.8|65.3|66.1|66.1|68.3|67.7|66.9|66.1|67.6|65.8|65.3,66.27272727272727
www.medlineplus.gov,05-21-2020,16:44:39,65.1|66.9|67.7|67.1|66.9|66.1|65.5|66.9|66.2|65.7|66.8,66.44545454545455
www.medlineplus.gov,05-21-2020,16:44:39,64.6|67.2|67.8|68.2|65.7|64.0|71.4|65.9|66.9|66.2|65.6,66.68181818181819
www.medlineplus.gov,05-22-2020,15:12:59,65.8|68.8|65.9|64.6|66.3|65.9|63.8|64.9|65.0|66.6|64.8,65.67272727272727
www.medlineplus.gov,05-22-2020,15:12:59,67.1|66.2|119.0|107.0|121.0|121.0|111.0|120.0|101.0|114.0|122.0,106.3
www.medlineplus.gov,05-22-2020,20:38:50,69.3|66.9|66.1|65.8|65.6|64.7|65.4|66.3|67.4|66.2|65.0,66.24545454545454
www.medlineplus.gov,05-22-2020,20:38:50,64.6|67.7|64.7|115.0|92.5|66.6|63.9|64.6|64.2|65.5|68.7,72.54545454545456
www.medlineplus.gov,05-23-2020,16:18:05,68.2|68.4|68.8|75.7|71.4|69.4|71.4|68.7|66.6|69.5|68.1,69.65454545454546
www.medlineplus.gov,05-23-2020,16:18:05,76.5|76.6|68.2|67.9|69.2|68.6|69.1|68.8|69.6|67.6|69.2,70.11818181818184
www.medlineplus.gov,05-23-2020,17:14:16,67.6|68.4|69.1|78.5|68.4|71.9|70.3|72.1|73.7|71.8|69.4,71.01818181818182
www.medlineplus.gov,05-23-2020,17:14:16,80.7|67.6|68.0|68.6|68.6|68.1|71.7|69.5|69.5|70.4|71.4,70.37272727272726
www.medlineplus.gov,05-24-2020,15:24:07,69.6|78.7|73.3|68.8|71.8|68.8|69.3|72.6|71.0|81.0|68.3,72.10909090909091
www.medlineplus.gov,05-24-2020,15:24:07,69.3|71.5|67.9|77.3|69.0|71.0|70.0|71.8|68.5|68.0|73.0,70.66363636363636
www.medlineplus.gov,05-24-2020,23:04:00,64.6|65.5|67.9|66.9|66.3|72.8|66.2|66.4|66.4|67.4|66.0,66.94545454545454
www.medlineplus.gov,05-24-2020,23:04:00,64.2|68.0|67.4|69.3|66.5|68.2|66.7|67.7|65.2|66.3|66.8,66.93636363636364
www.medlineplus.gov,05-25-2020,15:11:13,71.2|68.4|69.2|70.2|69.2|72.0|69.8|68.2|70.8|69.6|72.8,70.12727272727273
www.medlineplus.gov,05-25-2020,15:11:13,69.5|69.3|68.0|69.1|79.1|67.1|68.2|68.8|77.3|69.6|68.7,70.42727272727272
www.medlineplus.gov,05-25-2020,16:30:04,68.0|67.7|139.0|76.6|72.9|133.0|80.3|125.0|95.8|94.6|74.0,93.35454545454546
www.medlineplus.gov,05-25-2020,16:30:04,69.5|84.3|68.4|74.0|67.8|69.1|69.1|69.8|68.5|74.2|70.3,71.36363636363636
www.medlineplus.gov,05-26-2020,19:40:50,86.9|67.5|67.8|65.6|72.3|63.8|70.3|67.5|65.6|66.4|64.6,68.93636363636364
www.medlineplus.gov,05-26-2020,19:40:50,69.1|65.6|65.3|67.3|67.9|66.8|125.0|68.9|65.0|65.6|65.3,71.98181818181818
www.medlineplus.gov,05-26-2020,16:29:34,65.2|67.1|100.0|66.2|68.5|72.6|65.4|78.9|66.9|67.1|67.1,71.36363636363636
www.medlineplus.gov,05-26-2020,16:29:34,66.5|67.1|67.8|66.0|68.6|67.6|66.5|68.1|66.4|65.9|70.0,67.31818181818181
