www.twitter.com,05-13-2020,15:18:07,33.9|36.9|36.1|35.2|36.6|38.3|35.6|35.8|35.1|34.8|37.5,35.98181818181819
www.twitter.com,05-13-2020,15:18:07,34.3|35.4|35.7|36.4|35.7|37.4|36.6|135.0|35.4|38.7|40.7,45.57272727272727
www.twitter.com,05-13-2020,16:45:04,34.1|37.7|37.4|35.2|35.1|35.0|35.5|36.6|34.7|36.8|35.5,35.78181818181818
www.twitter.com,05-13-2020,16:45:04,35.6|36.4|35.9|35.2|36.3|35.2|35.4|39.9|35.5|36.9|37.1,36.309090909090905
www.twitter.com,05-14-2020,15:16:02,34.7|36.0|36.5|37.1|37.5|35.6|37.3|38.4|38.7|36.2|37.0,36.81818181818182
www.twitter.com,05-14-2020,15:16:02,36.8|36.8|37.7|36.0|37.6|36.7|37.8|36.6|34.7|35.4|36.6,36.60909090909091
www.twitter.com,05-14-2020,16:42:02,34.0|35.7|35.2|37.0|34.4|35.6|35.0|53.3|35.7|36.3|35.0,37.01818181818182
www.twitter.com,05-14-2020,16:42:02,47.3|35.7|36.5|34.7|34.7|39.6|44.7|38.8|35.7|35.0|37.4,38.19090909090909
www.twitter.com,05-15-2020,17:20:23,34.0|36.5|36.2|36.3|36.1|35.9|37.5|35.8|37.2|37.3|36.2,36.27272727272727
www.twitter.com,05-15-2020,17:20:23,35.6|36.1|34.6|36.0|36.3|38.2|38.9|43.5|34.7|37.4|36.0,37.02727272727273
www.twitter.com,05-15-2020,16:43:58,36.0|36.2|35.2|35.2|36.7|35.0|35.2|34.9|33.7|37.5|38.5,35.82727272727273
www.twitter.com,05-15-2020,16:43:58,34.6|34.9|36.9|36.8|35.7|35.4|37.3|35.0|47.9|34.8|36.2,36.86363636363636
www.twitter.com,05-16-2020,15:16:18,47.8|42.4|37.5|43.3|43.8|47.4|39.6|42.6|39.9|44.8|40.1,42.654545454545456
www.twitter.com,05-16-2020,15:16:18,37.7|44.0|50.0|40.4|40.7|41.6|40.6|37.8|38.4|39.1|39.2,40.86363636363637
www.twitter.com,05-16-2020,16:43:13,43.8|40.8|43.9|41.4|46.2|41.1|43.7|41.5|41.0|40.4|42.2,42.36363636363636
www.twitter.com,05-16-2020,16:43:13,45.9|42.4|39.7|42.2|41.8|42.0|39.2|41.8|42.7|42.4|41.7,41.98181818181818
www.twitter.com,05-17-2020,15:13:26,38.0|42.2|40.5|39.5|41.1|42.2|40.2|40.8|41.5|46.7|46.5,41.74545454545454
www.twitter.com,05-17-2020,15:13:26,38.5|41.9|40.9|42.0|41.3|52.3|43.7|40.9|43.4|43.7|39.5,42.554545454545455
www.twitter.com,05-17-2020,16:41:22,39.7|43.0|38.6|41.1|40.2|41.0|62.4|38.3|41.5|42.4|38.0,42.381818181818176
www.twitter.com,05-17-2020,16:41:22,41.7|40.2|39.8|39.7|41.8|41.3|90.1|54.6|37.8|51.4|41.0,47.21818181818182
www.twitter.com,05-18-2020,15:13:06,34.0|34.9|35.0|35.7|43.6|36.6|35.9|40.8|35.3|39.0|38.0,37.163636363636364
www.twitter.com,05-18-2020,15:13:06,35.9|36.3|35.2|36.3|38.7|36.2|35.1|46.6|36.6|34.6|36.5,37.09090909090909
www.twitter.com,05-18-2020,16:43:23,37.3|38.8|35.2|37.7|35.7|35.8|36.0|36.4|35.3|40.6|36.8,36.872727272727275
www.twitter.com,05-18-2020,16:43:23,35.3|40.3|35.8|39.2|35.0|57.6|36.4|35.3|35.1|38.8|42.7,39.22727272727273
www.twitter.com,05-19-2020,15:14:48,35.8|37.4|37.3|38.7|35.8|37.2|36.1|37.6|36.0|36.0|35.6,36.68181818181818
www.twitter.com,05-19-2020,15:14:48,42.0|37.8|39.1|36.8|38.0|35.6|36.3|36.9|36.6|47.3|34.4,38.25454545454546
www.twitter.com,05-19-2020,16:41:27,34.7|36.4|37.6|35.7|36.7|38.4|36.1|35.8|37.4|36.9|38.8,36.772727272727266
www.twitter.com,05-19-2020,16:41:27,34.5|37.5|36.5|38.7|37.2|35.4|38.2|38.8|37.3|37.8|39.1,37.36363636363637
www.twitter.com,05-20-2020,15:11:37,35.5|34.8|37.8|34.4|35.2|34.3|34.4|47.1|37.0|36.1|34.7,36.481818181818184
www.twitter.com,05-20-2020,15:11:37,37.5|34.1|35.4|35.5|33.7|34.0|35.9|34.1|34.0|33.8|34.0,34.72727272727273
www.twitter.com,05-20-2020,16:43:32,35.4|40.8|36.6|37.2|36.6|38.3|38.6|35.2|38.2|36.6|36.3,37.25454545454546
www.twitter.com,05-20-2020,16:43:32,30.2|40.8|38.0|35.4|37.0|37.6|36.8|37.1|38.3|35.7|38.1,36.81818181818182
www.twitter.com,05-21-2020,15:13:44,34.6|36.0|39.8|36.4|36.5|38.5|36.1|37.5|35.5|35.3|36.0,36.56363636363636
www.twitter.com,05-21-2020,15:13:44,33.3|39.4|37.6|37.0|37.1|41.9|37.2|40.9|45.5|37.2|35.8,38.445454545454545
www.twitter.com,05-21-2020,16:44:39,36.6|41.5|34.6|35.9|37.0|36.5|36.2|35.8|35.7|36.0|67.9,39.42727272727273
www.twitter.com,05-21-2020,16:44:39,35.4|55.1|35.2|37.8|71.6|34.5|35.1|35.0|37.5|35.8|34.9,40.71818181818182
www.twitter.com,05-22-2020,15:12:59,34.5|36.6|34.0|34.8|35.4|35.8|36.1|34.4|35.3|33.9|35.5,35.11818181818182
www.twitter.com,05-22-2020,15:12:59,34.9|35.0|49.9|36.5|34.7|34.8|36.4|35.4|36.2|34.1|34.8,36.60909090909092
www.twitter.com,05-22-2020,20:38:50,37.8|36.0|40.9|34.3|34.4|34.6|35.2|37.4|35.5|36.0|36.2,36.20909090909091
www.twitter.com,05-22-2020,20:38:50,33.3|36.8|36.1|39.7|36.3|35.2|36.6|57.4|36.2|35.1|38.4,38.28181818181818
www.twitter.com,05-23-2020,16:18:05,37.1|37.4|39.1|43.2|39.9|42.9|39.3|39.0|39.1|40.2|37.1,39.481818181818184
www.twitter.com,05-23-2020,16:18:05,36.6|37.9|39.3|38.4|36.5|38.1|40.3|37.6|40.0|43.2|40.3,38.92727272727273
www.twitter.com,05-23-2020,17:14:16,38.2|39.8|45.1|39.8|41.3|94.3|46.2|38.2|40.2|38.1|39.0,45.47272727272727
www.twitter.com,05-23-2020,17:14:16,37.2|41.3|39.6|40.6|38.0|42.7|38.9|40.2|39.5|39.7|39.4,39.736363636363635
www.twitter.com,05-24-2020,15:24:07,39.8|38.5|37.6|43.8|37.8|36.3|38.8|44.0|39.7|44.0|43.3,40.32727272727272
www.twitter.com,05-24-2020,15:24:07,38.1|46.6|46.2|45.7|50.2|56.5|47.6|87.2|49.0|86.3|68.1,56.5
www.twitter.com,05-24-2020,23:04:00,36.1|35.7|58.1|49.0|96.0|37.9|36.3|35.8|36.3|38.4|36.3,45.08181818181818
www.twitter.com,05-24-2020,23:04:00,36.7|209.0|37.6|35.7|36.0|41.0|38.1|35.6|36.6|35.8|43.8,53.26363636363636
www.twitter.com,05-25-2020,15:11:13,40.1|40.8|40.0|56.5|40.5|38.7|40.7|48.6|43.8|40.9|38.4,42.63636363636363
www.twitter.com,05-25-2020,15:11:13,39.7|41.5|43.3|40.6|41.2|41.5|38.6|47.3|39.3|40.1|40.3,41.218181818181826
www.twitter.com,05-25-2020,16:30:04,38.7|40.7|38.7|37.9|39.5|39.8|45.3|38.9|44.6|42.0|42.3,40.763636363636365
www.twitter.com,05-25-2020,16:30:04,38.1|41.8|38.3|38.9|41.4|40.6|43.4|39.2|37.8|39.8|41.3,40.054545454545455
www.twitter.com,05-26-2020,19:40:50,34.1|35.4|36.2|36.9|35.6|35.5|36.7|34.2|38.3|35.5|47.3,36.88181818181818
www.twitter.com,05-26-2020,19:40:50,35.9|33.9|36.2|37.7|38.1|37.3|40.8|36.3|35.6|36.8|37.1,36.88181818181818
www.twitter.com,05-26-2020,16:29:34,33.7|35.6|39.9|37.9|36.3|36.1|38.5|36.4|37.3|37.9|35.4,36.81818181818182
www.twitter.com,05-26-2020,16:29:34,37.0|35.6|37.5|36.7|36.3|35.7|37.2|37.2|38.6|35.6|36.9,36.75454545454546
