www.etsy.com,05-13-2020,15:18:07,82.1|75.2|75.5|86.7|75.5|77.9|76.2|76.8|77.4|75.6|76.3,77.74545454545454
www.etsy.com,05-13-2020,15:18:07,76.5|75.3|86.4|78.3|74.3|76.2|76.1|77.9|75.3|74.7|78.5,77.22727272727273
www.etsy.com,05-13-2020,16:45:04,76.1|77.4|75.1|77.2|76.4|77.6|78.1|78.3|76.5|121.0|75.9,80.87272727272727
www.etsy.com,05-13-2020,16:45:04,75.3|77.4|75.2|77.8|77.1|76.5|75.3|77.1|77.6|76.4|78.0,76.7
www.etsy.com,05-14-2020,15:16:02,77.6|79.1|77.9|77.8|80.0|81.1|80.3|89.3|78.6|159.0|78.4,87.19090909090909
www.etsy.com,05-14-2020,15:16:02,77.3|78.5|78.2|77.5|78.4|79.0|79.1|77.7|78.1|82.9|78.8,78.68181818181819
www.etsy.com,05-14-2020,16:42:02,76.7|78.3|87.4|77.2|85.1|78.3|113.0|78.9|79.2|78.1|78.3,82.77272727272727
www.etsy.com,05-14-2020,16:42:02,78.3|79.5|76.9|78.3|76.5|78.1|168.0|191.0|78.9|77.1|76.9,96.31818181818181
www.etsy.com,05-15-2020,17:20:23,77.6|80.4|81.1|241.0|77.6|82.1|88.3|76.7|79.2|79.9|82.0,95.08181818181819
www.etsy.com,05-15-2020,17:20:23,78.0|79.3|78.0|79.7|79.8|77.2|78.2|78.2|77.8|78.4|89.5,79.46363636363635
www.etsy.com,05-15-2020,16:43:58,79.5|78.9|208.0|77.3|252.0|79.0|82.8|78.3|81.6|77.6|77.7,106.60909090909091
www.etsy.com,05-15-2020,16:43:58,79.0|79.0|80.5|81.8|77.7|76.8|77.7|78.5|76.9|77.9|78.3,78.55454545454545
www.etsy.com,05-16-2020,15:16:18,84.6|96.3|84.2|94.0|94.5|82.8|80.3|80.8|81.3|81.5|84.2,85.86363636363636
www.etsy.com,05-16-2020,15:16:18,82.3|219.0|94.2|79.8|82.3|81.9|83.9|85.7|81.7|83.2|82.7,96.06363636363636
www.etsy.com,05-16-2020,16:43:13,84.6|84.5|95.0|83.6|82.6|85.0|88.5|83.1|83.2|84.6|83.1,85.25454545454546
www.etsy.com,05-16-2020,16:43:13,84.2|92.4|85.4|84.3|84.6|82.9|84.2|83.2|87.5|91.1|96.4,86.92727272727274
www.etsy.com,05-17-2020,15:13:26,80.7|91.7|83.8|86.6|84.7|81.0|83.5|86.1|88.8|81.4|83.7,84.72727272727272
www.etsy.com,05-17-2020,15:13:26,84.7|85.4|84.1|85.4|83.6|83.6|84.0|85.2|82.8|91.9|82.6,84.84545454545454
www.etsy.com,05-17-2020,16:41:22,79.7|107.0|82.3|78.9|80.3|81.8|83.0|82.7|115.0|81.0|82.2,86.71818181818182
www.etsy.com,05-17-2020,16:41:22,85.1|82.6|99.9|83.0|80.7|83.6|82.7|81.3|94.8|96.7|80.5,86.44545454545455
www.etsy.com,05-18-2020,15:13:06,82.7|77.8|77.1|78.9|78.6|80.9|78.4|77.9|79.5|78.4|77.8,78.90909090909089
www.etsy.com,05-18-2020,15:13:06,77.9|78.0|79.6|90.6|216.0|79.2|78.1|79.9|79.7|211.0|141.0,110.0909090909091
www.etsy.com,05-18-2020,16:43:23,77.0|77.9|84.1|77.5|77.5|78.3|84.5|80.0|78.1|81.5|79.7,79.64545454545454
www.etsy.com,05-18-2020,16:43:23,78.7|80.9|75.7|78.9|79.8|79.4|78.1|81.5|80.9|79.0|78.5,79.21818181818182
www.etsy.com,05-19-2020,15:14:48,78.6|78.3|77.9|78.5|76.9|77.8|81.6|79.2|79.0|80.0|79.2,78.81818181818181
www.etsy.com,05-19-2020,15:14:48,78.5|77.4|78.4|79.6|78.2|82.4|78.2|85.0|78.3|79.6|78.9,79.5
www.etsy.com,05-19-2020,16:41:27,80.9|94.4|86.8|83.4|84.3|81.7|86.2|98.3|83.5|83.0|87.4,86.35454545454546
www.etsy.com,05-19-2020,16:41:27,80.4|80.8|84.0|128.0|109.0|284.0|94.8|108.0|85.0|96.2|89.4,112.6909090909091
www.etsy.com,05-20-2020,15:11:37,76.1|77.1|76.8|76.7|77.6|78.1|76.9|78.1|76.2|77.2|76.0,76.98181818181818
www.etsy.com,05-20-2020,15:11:37,78.1|76.9|80.1|80.7|76.2|76.7|80.8|78.2|77.5|77.4|77.6,78.2
www.etsy.com,05-20-2020,16:43:32,77.7|79.7|77.9|78.4|81.2|78.0|78.9|78.8|82.7|77.0|79.9,79.10909090909091
www.etsy.com,05-20-2020,16:43:32,77.5|79.1|77.6|80.5|79.1|80.8|78.3|79.2|78.5|78.3|79.0,78.89999999999999
www.etsy.com,05-21-2020,15:13:44,78.3|78.9|79.0|78.1|79.9|79.8|79.9|79.2|78.8|79.0|78.8,79.06363636363635
www.etsy.com,05-21-2020,15:13:44,80.6|76.9|77.7|80.4|80.3|80.2|79.1|78.5|88.5|79.3|79.0,80.04545454545455
www.etsy.com,05-21-2020,16:44:39,77.5|77.9|78.6|81.9|79.8|78.5|81.0|77.3|78.2|78.6|78.7,78.90909090909092
www.etsy.com,05-21-2020,16:44:39,176.0|244.0|275.0|79.3|79.4|86.7|78.7|288.0|79.3|80.6|78.2,140.47272727272727
www.etsy.com,05-22-2020,15:12:59,76.2|76.7|81.0|76.9|76.8|78.5|77.7|76.5|82.1|75.5|77.2,77.73636363636363
www.etsy.com,05-22-2020,15:12:59,79.9|75.9|80.7|79.7|78.5|77.4|76.9|76.0|77.7|78.2|77.5,78.03636363636365
www.etsy.com,05-22-2020,20:38:50,77.8|80.0|77.8|77.9|78.3|78.6|80.4|81.1|79.4|78.3|77.3,78.8090909090909
www.etsy.com,05-22-2020,20:38:50,77.6|79.3|77.1|78.1|77.2|77.1|77.9|78.6|77.6|79.7|77.7,77.9909090909091
www.etsy.com,05-23-2020,16:18:05,81.1|81.1|81.9|82.8|84.7|80.7|79.5|83.2|90.5|82.9|116.0,85.85454545454546
www.etsy.com,05-23-2020,16:18:05,82.3|81.4|85.3|81.8|88.5|84.2|79.8|84.5|83.0|85.3|81.9,83.45454545454544
www.etsy.com,05-23-2020,17:14:16,80.2|79.7|85.2|81.8|81.4|81.7|82.7|81.0|81.2|82.1|80.4,81.58181818181819
www.etsy.com,05-23-2020,17:14:16,80.6|79.0|84.0|80.9|85.6|80.7|81.9|83.2|80.0|82.1|83.6,81.96363636363638
www.etsy.com,05-24-2020,15:24:07,81.3|314.0|5676312.0|145.0|308.0|359.0|123.0|310.0|433.0|131.0|79.0,516235.93636363634
www.etsy.com,05-24-2020,15:24:07,80.6|508.0|559.0|222.0|218.0|180.0|309.0|269.0|315.0|237.0|225.0,283.8727272727273
www.etsy.com,05-24-2020,23:04:00,83.6|82.6|80.3|80.3|82.0|78.6|85.3|99.7|78.9|77.5|80.6,82.67272727272727
www.etsy.com,05-24-2020,23:04:00,80.2|88.5|79.4|78.3|82.0|78.2|79.6|76.0|84.0|78.4|78.5,80.28181818181817
www.etsy.com,05-25-2020,15:11:13,80.9|83.3|82.3|80.1|81.9|81.3|82.5|82.6|80.6|102.0|81.5,83.54545454545453
www.etsy.com,05-25-2020,15:11:13,81.6|83.1|245.0|80.2|86.1|83.3|81.6|81.4|84.1|86.1|81.5,97.63636363636364
www.etsy.com,05-25-2020,16:30:04,80.3|81.4|85.9|82.9|84.6|82.5|82.2|81.4|80.6|81.1|82.1,82.27272727272728
www.etsy.com,05-25-2020,16:30:04,81.9|83.8|81.8|84.1|80.7|81.6|81.6|80.2|81.2|82.9|83.4,82.10909090909091
www.etsy.com,05-26-2020,19:40:50,100.0|82.8|80.7|76.9|79.4|78.4|79.3|78.0|78.2|81.1|78.0,81.16363636363637
www.etsy.com,05-26-2020,19:40:50,84.0|375.0|76.7|81.4|79.7|80.0|78.6|80.0|90.0|77.7|76.7,107.25454545454546
www.etsy.com,05-26-2020,16:29:34,92.7|77.6|79.2|78.5|79.6|77.7|80.9|79.7|79.4|79.6|78.7,80.32727272727274
www.etsy.com,05-26-2020,16:29:34,77.0|79.7|80.5|79.7|81.4|77.0|84.1|148.0|79.5|83.1|77.4,86.12727272727273
