www.fda.gov,05-13-2020,15:18:07,65.9|64.5|65.3|66.8|66.3|67.0|65.1|66.3|66.3|66.3|70.6,66.39999999999999
www.fda.gov,05-13-2020,15:18:07,68.7|68.6|67.9|65.2|66.9|65.0|66.4|66.5|66.0|66.1|65.5,66.61818181818182
www.fda.gov,05-13-2020,16:45:04,66.6|65.7|65.8|66.0|66.9|66.3|66.7|66.4|67.3|66.1|69.5,66.66363636363637
www.fda.gov,05-13-2020,16:45:04,65.1|66.3|65.5|66.8|67.9|66.8|67.9|65.6|67.7|65.5|65.1,66.38181818181819
www.fda.gov,05-14-2020,15:16:02,67.0|68.3|68.6|66.0|65.4|67.7|88.0|67.5|65.6|129.0|65.2,74.39090909090909
www.fda.gov,05-14-2020,15:16:02,71.1|67.1|79.1|64.8|67.3|64.7|67.9|74.9|67.0|66.5|70.3,69.15454545454544
www.fda.gov,05-14-2020,16:42:02,65.8|66.7|67.7|67.1|250.0|66.7|66.0|67.9|67.2|66.9|77.7,84.51818181818183
www.fda.gov,05-14-2020,16:42:02,64.4|65.7|67.0|65.7|64.6|66.7|64.2|65.9|67.1|67.5|66.8,65.96363636363637
www.fda.gov,05-15-2020,17:20:23,65.8|66.2|67.4|66.3|74.1|67.2|66.6|66.2|65.9|66.6|65.9,67.10909090909091
www.fda.gov,05-15-2020,17:20:23,66.6|66.2|67.0|68.7|66.3|66.1|66.0|66.7|187.0|69.3|66.7,77.87272727272726
www.fda.gov,05-15-2020,16:43:58,68.3|65.9|66.7|66.4|67.2|66.5|66.3|65.1|67.8|67.5|67.0,66.79090909090908
www.fda.gov,05-15-2020,16:43:58,64.7|78.8|66.0|121.0|67.3|66.7|64.7|68.8|66.9|67.9|68.3,72.82727272727271
www.fda.gov,05-16-2020,15:16:18,70.2|217.0|71.1|69.6|72.4|73.0|79.7|70.5|74.7|79.4|73.3,86.44545454545454
www.fda.gov,05-16-2020,15:16:18,70.9|68.7|77.1|71.4|71.8|70.5|71.8|77.0|70.1|69.9|81.1,72.75454545454546
www.fda.gov,05-16-2020,16:43:13,71.4|74.9|70.2|73.1|73.5|71.1|73.7|71.0|70.8|72.4|73.1,72.29090909090908
www.fda.gov,05-16-2020,16:43:13,78.9|81.4|80.7|84.4|73.3|74.1|91.5|86.3|99.3|70.5|85.7,82.37272727272727
www.fda.gov,05-17-2020,15:13:26,69.0|70.8|69.6|71.4|77.7|68.9|73.8|75.1|73.8|72.4|72.2,72.24545454545454
www.fda.gov,05-17-2020,15:13:26,83.7|71.6|73.9|71.9|71.7|72.2|69.2|72.6|73.9|73.6|73.3,73.41818181818182
www.fda.gov,05-17-2020,16:41:22,71.9|72.2|69.1|69.9|69.6|69.1|71.2|71.7|75.1|72.2|70.7,71.15454545454547
www.fda.gov,05-17-2020,16:41:22,68.1|71.9|68.2|72.5|72.5|68.9|74.8|70.1|71.3|82.0|70.7,71.9090909090909
www.fda.gov,05-18-2020,15:13:06,66.2|66.8|69.1|65.3|67.8|64.5|67.9|65.9|66.0|66.7|67.6,66.70909090909092
www.fda.gov,05-18-2020,15:13:06,67.2|65.7|66.0|68.1|66.7|65.9|67.1|67.8|66.6|66.9|71.5,67.22727272727273
www.fda.gov,05-18-2020,16:43:23,65.9|66.9|67.2|66.5|68.3|67.2|66.0|66.0|66.3|67.4|66.1,66.7090909090909
www.fda.gov,05-18-2020,16:43:23,66.6|277.0|66.2|69.7|70.2|66.8|66.9|67.3|67.9|67.6|68.2,86.76363636363637
www.fda.gov,05-19-2020,15:14:48,64.5|68.1|258.0|67.0|73.2|65.7|69.8|68.1|66.8|67.2|84.6,86.63636363636364
www.fda.gov,05-19-2020,15:14:48,66.1|68.4|67.7|81.1|68.9|65.1|66.0|76.1|66.5|68.3|68.0,69.2909090909091
www.fda.gov,05-19-2020,16:41:27,65.3|68.7|68.4|77.7|64.6|65.8|104.0|64.9|66.0|67.3|65.8,70.77272727272727
www.fda.gov,05-19-2020,16:41:27,65.1|71.7|65.9|68.2|66.0|68.9|67.6|66.6|71.2|67.7|65.0,67.62727272727274
www.fda.gov,05-20-2020,15:11:37,65.9|66.2|64.3|67.6|66.0|65.0|66.1|66.2|70.6|66.5|66.8,66.47272727272727
www.fda.gov,05-20-2020,15:11:37,66.1|65.5|66.6|66.8|65.0|65.1|66.0|64.9|65.9|65.5|65.3,65.69999999999999
www.fda.gov,05-20-2020,16:43:32,66.7|65.0|65.1|67.2|67.0|225.0|68.2|67.9|66.9|64.7|68.9,81.14545454545454
www.fda.gov,05-20-2020,16:43:32,66.3|67.7|68.4|67.3|70.3|67.0|66.6|67.0|66.4|65.5|65.4,67.08181818181816
www.fda.gov,05-21-2020,15:13:44,66.9|68.1|67.9|66.8|67.7|66.7|66.8|69.2|69.4|66.3|67.3,67.55454545454543
www.fda.gov,05-21-2020,15:13:44,65.8|66.9|64.9|66.9|65.4|67.1|66.1|68.2|65.0|66.6|66.1,66.27272727272727
www.fda.gov,05-21-2020,16:44:39,66.0|67.6|69.9|66.5|68.3|67.4|93.8|71.6|66.7|67.2|66.3,70.11818181818181
www.fda.gov,05-21-2020,16:44:39,66.3|67.2|67.8|70.2|67.0|67.1|65.3|68.7|67.0|66.6|67.6,67.34545454545456
www.fda.gov,05-22-2020,15:12:59,126.0|111.0|125.0|103.0|109.0|121.0|105.0|122.0|124.0|113.0|120.0,116.27272727272727
www.fda.gov,05-22-2020,15:12:59,106.0|124.0|117.0|117.0|127.0|111.0|104.0|130.0|107.0|109.0|99.9,113.80909090909091
www.fda.gov,05-22-2020,20:38:50,65.2|66.8|66.2|67.7|66.0|66.3|67.9|68.5|66.0|68.2|101.0,69.98181818181818
www.fda.gov,05-22-2020,20:38:50,65.2|67.8|66.4|66.5|79.8|65.6|201.0|67.3|76.6|66.5|70.2,81.17272727272727
www.fda.gov,05-23-2020,16:18:05,68.4|112.0|73.6|86.7|107.0|169.0|180.0|85.6|73.4|81.1|110.0,104.25454545454545
www.fda.gov,05-23-2020,16:18:05,199.0|74.7|103.0|264.0|93.0|75.6|113.0|73.2|72.3|102.0|103.0,115.7090909090909
www.fda.gov,05-23-2020,17:14:16,68.6|69.9|283.0|68.7|71.0|68.1|69.2|68.4|70.8|69.7|70.4,88.89090909090909
www.fda.gov,05-23-2020,17:14:16,178.0|230.0|287.0|148.0|68.9|71.3|72.5|93.6|70.0|70.9|72.3,123.86363636363636
www.fda.gov,05-24-2020,15:24:07,76.7|73.4|70.5|71.8|69.7|79.2|71.1|69.9|69.7|74.5|69.5,72.36363636363636
www.fda.gov,05-24-2020,15:24:07,82.9|70.6|69.5|69.0|68.5|69.5|70.3|69.9|70.4|69.9|70.4,70.99090909090908
www.fda.gov,05-24-2020,23:04:00,79.6|67.4|68.0|66.4|68.0|71.6|70.3|66.8|67.4|69.8|66.0,69.20909090909089
www.fda.gov,05-24-2020,23:04:00,73.2|79.2|67.6|69.0|67.8|67.2|68.3|83.3|68.8|67.4|66.9,70.79090909090908
www.fda.gov,05-25-2020,15:11:13,68.2|69.3|74.3|72.2|71.9|70.1|68.8|69.5|69.5|75.6|70.5,70.89999999999999
www.fda.gov,05-25-2020,15:11:13,67.3|70.5|71.0|68.2|69.9|71.3|69.3|69.8|74.8|71.8|71.0,70.44545454545454
www.fda.gov,05-25-2020,16:30:04,71.6|78.5|68.1|156.0|72.0|70.9|69.0|71.0|68.4|69.4|78.0,79.35454545454544
www.fda.gov,05-25-2020,16:30:04,69.4|70.8|72.0|69.4|70.6|67.5|70.9|67.9|67.6|69.6|68.0,69.42727272727274
www.fda.gov,05-26-2020,19:40:50,66.5|66.5|67.2|65.7|65.7|64.7|71.2|65.8|68.7|65.7|65.4,66.64545454545454
www.fda.gov,05-26-2020,19:40:50,73.3|73.1|69.1|66.5|67.0|69.8|68.4|66.3|68.5|82.8|65.5,70.02727272727272
www.fda.gov,05-26-2020,16:29:34,66.0|64.9|64.7|68.0|72.8|67.5|65.9|66.2|67.9|67.9|67.9,67.24545454545454
www.fda.gov,05-26-2020,16:29:34,65.6|66.4|67.9|67.8|67.5|67.5|67.8|67.5|66.7|67.0|64.7,66.94545454545455
