www.orange.fr,05-13-2020,15:18:07,200.0|221.0|150.0|265.0|287.0|151.0|332.0|354.0|376.0|192.0|216.0,249.45454545454547
www.orange.fr,05-13-2020,15:18:07,150.0|224.0|244.0|266.0|288.0|311.0|333.0|356.0|174.0|196.0|218.0,250.9090909090909
www.orange.fr,05-13-2020,16:45:04,199.0|150.0|239.0|266.0|215.0|312.0|267.0|355.0|153.0|196.0|216.0,233.45454545454547
www.orange.fr,05-13-2020,16:45:04,201.0|225.0|245.0|266.0|289.0|309.0|333.0|156.0|155.0|194.0|151.0,229.45454545454547
www.orange.fr,05-14-2020,15:16:02,150.0|376.0|194.0|214.0|187.0|258.0|191.0|151.0|149.0|344.0|156.0,215.45454545454547
www.orange.fr,05-14-2020,15:16:02,151.0|352.0|315.0|191.0|148.0|239.0|152.0|282.0|151.0|325.0|159.0,224.0909090909091
www.orange.fr,05-14-2020,16:42:02,191.0|155.0|178.0|152.0|149.0|151.0|268.0|149.0|312.0|151.0|325.0,198.27272727272728
www.orange.fr,05-14-2020,16:42:02,151.0|357.0|161.0|150.0|220.0|244.0|257.0|150.0|253.0|334.0|253.0,230.0
www.orange.fr,05-15-2020,17:20:23,148.0|279.0|301.0|324.0|347.0|148.0|185.0|149.0|229.0|150.0|149.0,219.0
www.orange.fr,05-15-2020,17:20:23,342.0|365.0|182.0|206.0|229.0|250.0|149.0|294.0|152.0|338.0|149.0,241.45454545454547
www.orange.fr,05-15-2020,16:43:58,149.0|150.0|147.0|149.0|217.0|239.0|264.0|287.0|311.0|149.0|147.0,200.8181818181818
www.orange.fr,05-15-2020,16:43:58,150.0|151.0|152.0|279.0|157.0|325.0|244.0|371.0|182.0|154.0|147.0,210.1818181818182
www.orange.fr,05-16-2020,15:16:18,199.0|220.0|243.0|265.0|287.0|309.0|333.0|354.0|377.0|194.0|215.0,272.3636363636364
www.orange.fr,05-16-2020,15:16:18,200.0|166.0|244.0|265.0|289.0|312.0|169.0|356.0|174.0|196.0|215.0,235.0909090909091
www.orange.fr,05-16-2020,16:43:13,199.0|223.0|246.0|267.0|288.0|309.0|333.0|354.0|377.0|193.0|221.0,273.6363636363636
www.orange.fr,05-16-2020,16:43:13,155.0|289.0|309.0|327.0|349.0|372.0|189.0|211.0|233.0|255.0|278.0,269.72727272727275
www.orange.fr,05-17-2020,15:13:26,198.0|221.0|242.0|266.0|288.0|310.0|332.0|358.0|175.0|195.0|218.0,254.8181818181818
www.orange.fr,05-17-2020,15:13:26,307.0|329.0|353.0|374.0|192.0|215.0|154.0|259.0|154.0|302.0|154.0,253.9090909090909
www.orange.fr,05-17-2020,16:41:22,201.0|223.0|246.0|269.0|288.0|219.0|334.0|356.0|173.0|198.0|218.0,247.72727272727272
www.orange.fr,05-17-2020,16:41:22,185.0|224.0|154.0|268.0|154.0|312.0|224.0|354.0|153.0|195.0|217.0,221.8181818181818
www.orange.fr,05-18-2020,15:13:06,149.0|220.0|243.0|251.0|268.0|306.0|329.0|351.0|373.0|190.0|213.0,263.0
www.orange.fr,05-18-2020,15:13:06,147.0|336.0|361.0|179.0|147.0|224.0|245.0|267.0|181.0|311.0|148.0,231.45454545454547
www.orange.fr,05-18-2020,16:43:23,148.0|295.0|317.0|149.0|147.0|147.0|201.0|223.0|149.0|268.0|211.0,205.0
www.orange.fr,05-18-2020,16:43:23,178.0|225.0|275.0|218.0|147.0|234.0|255.0|279.0|150.0|184.0|343.0,226.1818181818182
www.orange.fr,05-19-2020,15:14:48,199.0|222.0|243.0|263.0|287.0|147.0|330.0|353.0|171.0|192.0|215.0,238.36363636363637
www.orange.fr,05-19-2020,15:14:48,200.0|222.0|245.0|269.0|290.0|312.0|335.0|359.0|176.0|199.0|222.0,257.1818181818182
www.orange.fr,05-19-2020,16:41:27,202.0|225.0|247.0|271.0|295.0|316.0|338.0|362.0|179.0|203.0|223.0,260.09090909090907
www.orange.fr,05-19-2020,16:41:27,150.0|224.0|149.0|268.0|291.0|191.0|336.0|358.0|177.0|200.0|221.0,233.1818181818182
www.orange.fr,05-20-2020,15:11:37,146.0|148.0|147.0|148.0|150.0|146.0|148.0|147.0|147.0|149.0|147.0,147.54545454545453
www.orange.fr,05-20-2020,15:11:37,147.0|147.0|150.0|147.0|147.0|147.0|148.0|147.0|149.0|147.0|149.0,147.72727272727272
www.orange.fr,05-20-2020,16:43:32,149.0|191.0|147.0|146.0|150.0|148.0|181.0|352.0|190.0|191.0|149.0,181.27272727272728
www.orange.fr,05-20-2020,16:43:32,150.0|212.0|195.0|147.0|241.0|239.0|146.0|253.0|152.0|147.0|172.0,186.72727272727272
www.orange.fr,05-21-2020,15:13:44,215.0|236.0|258.0|220.0|299.0|321.0|343.0|365.0|183.0|206.0|231.0,261.54545454545456
www.orange.fr,05-21-2020,15:13:44,200.0|222.0|244.0|266.0|289.0|310.0|148.0|355.0|148.0|193.0|217.0,235.63636363636363
www.orange.fr,05-21-2020,16:44:39,146.0|236.0|147.0|279.0|149.0|148.0|158.0|185.0|148.0|152.0|147.0,172.27272727272728
www.orange.fr,05-21-2020,16:44:39,200.0|223.0|149.0|149.0|289.0|310.0|332.0|223.0|147.0|194.0|214.0,220.9090909090909
www.orange.fr,05-22-2020,15:12:59,146.0|147.0|146.0|147.0|147.0|147.0|149.0|147.0|147.0|148.0|146.0,147.0
www.orange.fr,05-22-2020,15:12:59,146.0|147.0|147.0|147.0|148.0|148.0|146.0|146.0|213.0|149.0|196.0,157.54545454545453
www.orange.fr,05-22-2020,20:38:50,240.0|261.0|285.0|308.0|332.0|354.0|171.0|196.0|198.0|241.0|265.0,259.1818181818182
www.orange.fr,05-22-2020,20:38:50,153.0|148.0|151.0|152.0|202.0|151.0|148.0|148.0|188.0|150.0|147.0,158.0
www.orange.fr,05-23-2020,16:18:05,150.0|154.0|342.0|366.0|184.0|207.0|227.0|250.0|273.0|149.0|316.0,238.0
www.orange.fr,05-23-2020,16:18:05,152.0|223.0|244.0|266.0|151.0|312.0|337.0|360.0|177.0|151.0|226.0,236.27272727272728
www.orange.fr,05-23-2020,17:14:16,198.0|220.0|150.0|265.0|279.0|311.0|154.0|356.0|175.0|200.0|222.0,230.0
www.orange.fr,05-23-2020,17:14:16,201.0|223.0|245.0|268.0|154.0|315.0|151.0|149.0|149.0|147.0|150.0,195.63636363636363
www.orange.fr,05-24-2020,15:24:07,199.0|225.0|244.0|266.0|150.0|150.0|331.0|159.0|152.0|158.0|151.0,198.63636363636363
www.orange.fr,05-24-2020,15:24:07,337.0|154.0|164.0|200.0|154.0|245.0|265.0|288.0|309.0|331.0|355.0,254.72727272727272
www.orange.fr,05-24-2020,23:04:00,194.0|148.0|243.0|147.0|151.0|313.0|267.0|360.0|180.0|202.0|225.0,220.9090909090909
www.orange.fr,05-24-2020,23:04:00,199.0|223.0|245.0|155.0|290.0|313.0|335.0|357.0|176.0|147.0|219.0,241.72727272727272
www.orange.fr,05-25-2020,15:11:13,149.0|211.0|234.0|151.0|151.0|150.0|328.0|150.0|375.0|193.0|150.0,203.8181818181818
www.orange.fr,05-25-2020,15:11:13,200.0|223.0|153.0|153.0|152.0|154.0|310.0|357.0|150.0|158.0|218.0,202.54545454545453
www.orange.fr,05-25-2020,16:30:04,301.0|323.0|346.0|370.0|189.0|212.0|235.0|259.0|251.0|306.0|330.0,283.8181818181818
www.orange.fr,05-25-2020,16:30:04,199.0|221.0|244.0|266.0|290.0|312.0|334.0|357.0|379.0|151.0|221.0,270.3636363636364
www.orange.fr,05-26-2020,19:40:50,201.0|181.0|247.0|270.0|320.0|317.0|159.0|180.0|184.0|208.0|232.0,227.1818181818182
www.orange.fr,05-26-2020,19:40:50,213.0|223.0|246.0|268.0|212.0|154.0|287.0|385.0|179.0|174.0|158.0,227.1818181818182
www.orange.fr,05-26-2020,16:29:34,255.0|155.0|299.0|166.0|154.0|366.0|155.0|154.0|153.0|254.0|278.0,217.1818181818182
www.orange.fr,05-26-2020,16:29:34,201.0|232.0|167.0|272.0|157.0|199.0|154.0|154.0|155.0|202.0|155.0,186.1818181818182
