www.webmd.com,05-11-2020,03:32:01,12.8|13.1|12.8|12.9|14.3|13.0|20.5|12.4|16.5|12.5|25.4,15.109090909090911
www.webmd.com,05-11-2020,03:32:01,14.3|37.6|12.8|12.5|12.6|14.1|21.6|74.9|13.7|17.5|27.4,23.545454545454547
www.webmd.com,05-11-2020,08:32:01,14.6|18.4|21.0|29.1|17.5|16.6|14.4|14.5|19.8|14.3|16.5,17.881818181818183
www.webmd.com,05-11-2020,08:32:01,14.2|23.8|16.0|12.1|14.0|19.4|13.6|18.2|17.2|13.6|14.6,16.06363636363636
www.webmd.com,05-12-2020,03:32:01,12.5|15.0|12.3|17.1|14.6|13.8|15.1|18.8|13.4|14.5|13.3,14.581818181818182
www.webmd.com,05-12-2020,03:32:01,16.8|15.3|17.2|13.4|14.9|16.7|16.0|15.1|21.0|14.7|15.7,16.07272727272727
www.webmd.com,05-12-2020,08:32:01,17.3|16.6|16.1|14.6|17.3|13.4|16.0|18.1|15.2|32.2|17.5,17.663636363636364
www.webmd.com,05-12-2020,08:32:01,20.1|13.6|14.3|15.4|21.8|15.7|16.4|23.5|13.1|16.6|23.0,17.59090909090909
www.webmd.com,05-13-2020,03:32:01,14.6|13.6|13.4|17.4|18.1|18.4|13.8|14.0|14.1|16.0|12.7,15.1
www.webmd.com,05-13-2020,03:32:01,17.6|18.9|19.2|16.0|15.0|15.4|22.2|20.9|13.7|17.1|15.1,17.37272727272727
www.webmd.com,05-13-2020,08:32:01,20.9|14.2|15.6|15.0|16.4|16.1|13.6|18.2|13.5|16.7|15.9,16.009090909090908
www.webmd.com,05-13-2020,08:32:01,43.8|18.7|21.5|16.6|16.6|15.1|17.2|17.7|17.0|14.8|13.7,19.336363636363636
www.webmd.com,05-14-2020,03:32:01,22.1|14.6|15.1|25.0|15.2|13.7|20.5|24.2|18.4|16.3|25.3,19.12727272727273
www.webmd.com,05-14-2020,03:32:01,17.9|16.0|15.2|14.1|16.5|14.9|15.2|16.8|18.7|17.8|14.5,16.145454545454545
www.webmd.com,05-14-2020,08:32:01,49.6|16.0|14.6|16.9|16.1|16.5|13.9|70.8|36.5|54.7|18.4,29.454545454545453
www.webmd.com,05-14-2020,08:32:01,14.2|26.7|21.0|14.0|14.3|16.2|72.2|42.9|20.5|16.4|16.9,25.027272727272724
www.webmd.com,05-15-2020,03:32:01,35.7|49.3|13.9|12.6|13.8|12.3|13.0|41.2|60.7|55.7|48.8,32.45454545454545
www.webmd.com,05-15-2020,03:32:01,47.2|17.8|14.6|17.8|15.7|16.0|51.4|79.4|54.8|46.5|47.8,37.18181818181818
www.webmd.com,05-15-2020,08:32:01,12.5|13.6|16.5|13.6|17.1|19.1|22.7|14.0|23.0|24.0|16.4,17.500000000000004
www.webmd.com,05-15-2020,08:32:01,18.4|88.6|17.3|18.5|40.6|15.8|15.5|33.6|18.9|25.2|16.5,28.08181818181818
www.webmd.com,05-17-2020,03:32:01,16.3|23.8|15.1|14.3|12.2|15.8|14.4|13.4|15.6|13.5|13.4,15.254545454545456
www.webmd.com,05-17-2020,03:32:01,15.3|17.7|16.8|15.2|14.1|13.6|13.8|24.6|23.8|17.2|12.5,16.781818181818185
www.webmd.com,05-17-2020,08:32:01,15.9|19.5|15.7|14.1|20.8|20.7|21.3|14.7|14.7|14.9|17.1,17.218181818181815
www.webmd.com,05-17-2020,08:32:01,16.0|15.8|13.3|15.2|16.0|14.4|20.1|13.9|13.9|13.6|13.8,15.090909090909092
www.webmd.com,05-18-2020,03:32:01,15.2|15.3|15.3|26.2|14.5|14.9|18.8|15.9|17.6|16.8|16.4,16.990909090909092
www.webmd.com,05-18-2020,03:32:01,13.3|14.8|16.9|19.5|16.9|18.1|17.3|18.5|17.8|21.1|18.4,17.50909090909091
www.webmd.com,05-18-2020,08:32:01,18.0|20.3|18.8|19.2|16.5|17.0|16.7|17.5|15.3|19.3|18.4,17.90909090909091
www.webmd.com,05-18-2020,08:32:01,18.8|22.2|22.1|19.4|16.5|15.5|15.3|19.2|15.0|16.6|32.7,19.39090909090909
www.webmd.com,05-19-2020,03:32:02,12.4|14.3|23.1|28.4|17.9|16.0|15.8|16.2|18.3|15.4|13.1,17.35454545454546
www.webmd.com,05-19-2020,03:32:02,16.5|18.3|17.9|18.4|13.5|13.4|16.6|15.5|14.5|14.7|14.5,15.799999999999999
www.webmd.com,05-19-2020,08:32:01,22.7|15.0|22.4|256.0|20.4|27.6|21.9|15.7|21.0|17.0|12.4,41.099999999999994
www.webmd.com,05-19-2020,08:32:01,15.5|17.2|17.5|18.6|14.5|13.5|14.9|13.0|17.9|17.4|29.2,17.200000000000003
www.webmd.com,05-20-2020,03:32:01,14.6|17.9|24.2|21.4|14.4|14.4|19.3|15.6|13.0|22.2|18.5,17.772727272727273
www.webmd.com,05-20-2020,03:32:01,15.1|16.1|15.3|13.6|14.9|14.6|14.6|21.9|15.0|17.0|16.1,15.836363636363636
www.webmd.com,05-20-2020,08:32:01,16.2|14.4|17.7|15.1|17.3|17.6|90.7|16.8|18.1|73.7|71.0,33.50909090909091
www.webmd.com,05-20-2020,08:32:01,18.0|74.1|14.1|18.4|16.7|18.1|90.6|14.5|18.0|26.6|14.5,29.41818181818182
www.webmd.com,05-26-2020,03:32:01,15.4|13.9|13.7|15.8|13.8|15.0|13.2|14.4|16.4|14.1|13.7,14.490909090909089
www.webmd.com,05-26-2020,03:32:01,13.8|16.4|14.2|15.2|17.9|16.4|14.3|18.9|16.9|16.6|13.7,15.845454545454544
www.webmd.com,05-26-2020,08:32:01,16.7|22.5|15.0|24.9|17.9|19.3|25.3|19.5|15.1|21.9|16.5,19.509090909090908
www.webmd.com,05-26-2020,08:32:01,20.3|22.2|15.5|27.3|16.7|16.6|13.1|13.2|18.0|18.3|32.3,19.40909090909091
www.webmd.com,05-22-2020,03:32:01,13.6|20.6|15.4|19.5|16.7|19.6|13.3|14.2|14.5|15.8|23.2,16.94545454545454
www.webmd.com,05-22-2020,03:32:01,13.5|20.3|19.3|19.5|15.0|15.2|12.6|16.1|14.4|18.5|18.3,16.60909090909091
www.webmd.com,05-22-2020,08:32:01,13.0|17.4|47.4|78.5|65.5|19.3|15.9|23.0|19.7|17.1|16.8,30.327272727272728
www.webmd.com,05-22-2020,08:32:01,17.7|16.2|15.4|13.9|16.6|28.0|20.1|15.2|16.4|13.1|14.1,16.972727272727273
www.webmd.com,05-23-2020,03:32:01,14.7|14.5|16.7|14.7|13.4|14.1|13.9|15.6|14.1|14.6|15.5,14.709090909090907
www.webmd.com,05-23-2020,03:32:01,17.2|15.4|15.6|15.8|15.3|17.1|14.7|15.3|14.8|13.0|16.4,15.509090909090911
www.webmd.com,05-23-2020,08:32:01,26.0|20.6|17.7|18.4|93.5|20.7|20.6|20.7|20.1|18.7|16.8,26.70909090909091
www.webmd.com,05-23-2020,08:32:01,18.6|19.8|25.1|30.4|19.1|20.6|17.0|24.3|19.2|21.2|22.7,21.636363636363633
www.webmd.com,05-24-2020,03:32:01,13.7|13.9|13.4|15.2|12.6|15.8|14.1|35.8|13.6|13.3|13.9,15.936363636363637
www.webmd.com,05-24-2020,03:32:01,13.4|14.5|16.1|16.6|14.9|14.8|19.3|17.3|14.6|15.1|15.5,15.645454545454545
www.webmd.com,05-24-2020,08:32:01,16.0|19.1|25.9|16.3|17.0|13.0|12.5|14.3|14.4|23.5|16.5,17.13636363636364
www.webmd.com,05-24-2020,08:32:01,13.8|13.9|17.3|19.1|15.8|13.5|15.5|17.5|12.8|18.0|16.4,15.781818181818183
www.webmd.com,05-25-2020,03:32:01,20.5|18.7|23.4|12.9|13.6|14.3|19.8|15.4|12.6|13.5|14.4,16.28181818181818
www.webmd.com,05-25-2020,03:32:01,16.3|14.7|14.1|14.3|13.3|15.4|16.0|16.0|15.0|14.4|13.2,14.79090909090909
www.webmd.com,05-25-2020,08:32:01,18.4|13.3|14.9|15.8|21.7|16.2|30.3|13.9|15.4|18.7|14.9,17.59090909090909
www.webmd.com,05-25-2020,08:32:01,18.0|15.7|16.5|20.4|23.3|18.0|16.0|20.7|16.7|24.7|18.0,18.909090909090907
