www.whitehouse.gov,05-11-2020,03:32:01,42.2|25.4|36.0|27.2|27.2|26.2|28.5|26.9|25.0|27.8|29.6,29.272727272727277
www.whitehouse.gov,05-11-2020,03:32:01,29.5|25.2|24.4|33.0|26.7|24.6|25.3|27.4|25.2|27.1|28.7,27.009090909090904
www.whitehouse.gov,05-11-2020,08:32:01,26.5|28.5|31.2|27.7|37.0|25.6|28.1|26.7|43.5|25.9|28.6,29.936363636363637
www.whitehouse.gov,05-11-2020,08:32:01,29.4|30.6|28.0|26.3|25.7|26.1|27.4|30.7|27.6|28.6|27.8,28.018181818181816
www.whitehouse.gov,05-12-2020,03:32:01,27.3|26.7|28.4|28.3|25.6|26.4|25.3|25.3|31.2|25.2|25.1,26.8
www.whitehouse.gov,05-12-2020,03:32:01,32.5|33.0|25.3|30.6|28.1|25.1|26.3|34.7|28.8|25.2|26.0,28.69090909090909
www.whitehouse.gov,05-12-2020,08:32:01,32.1|27.3|31.0|29.6|26.3|27.1|25.6|35.7|27.3|57.4|29.8,31.745454545454546
www.whitehouse.gov,05-12-2020,08:32:01,25.4|32.2|33.1|30.5|29.2|28.2|26.8|26.1|26.6|26.6|29.2,28.53636363636364
www.whitehouse.gov,05-13-2020,03:32:01,34.1|28.3|25.8|31.1|28.2|31.0|27.4|25.0|25.8|25.9|26.4,28.090909090909086
www.whitehouse.gov,05-13-2020,03:32:01,26.4|27.3|25.5|25.5|26.6|26.6|28.8|28.4|27.4|30.8|27.4,27.336363636363636
www.whitehouse.gov,05-13-2020,08:32:01,36.9|27.9|30.0|33.6|28.2|31.0|34.0|25.4|33.2|28.1|33.0,31.027272727272727
www.whitehouse.gov,05-13-2020,08:32:01,28.3|25.1|27.2|26.8|25.9|25.5|26.1|35.7|26.9|29.7|27.0,27.65454545454546
www.whitehouse.gov,05-14-2020,03:32:01,25.4|26.6|26.5|29.2|28.5|24.8|25.8|25.3|25.6|27.0|25.5,26.381818181818186
www.whitehouse.gov,05-14-2020,03:32:01,26.6|35.3|25.8|25.4|26.7|25.3|41.0|24.8|26.2|25.2|25.6,27.99090909090909
www.whitehouse.gov,05-14-2020,08:32:01,33.9|27.7|31.0|32.1|28.6|67.5|65.6|35.0|25.6|34.1|26.7,37.07272727272727
www.whitehouse.gov,05-14-2020,08:32:01,34.9|83.8|56.0|30.7|55.8|31.2|58.1|55.0|25.0|57.1|58.1,49.60909090909092
www.whitehouse.gov,05-15-2020,03:32:01,26.4|27.4|26.1|24.9|28.4|75.9|59.1|66.5|55.6|34.4|24.4,40.82727272727272
www.whitehouse.gov,05-15-2020,03:32:01,27.6|29.3|26.5|26.5|84.0|69.8|67.7|31.5|29.3|26.2|26.3,40.42727272727273
www.whitehouse.gov,05-15-2020,08:32:01,26.5|33.4|28.9|25.2|67.1|26.5|27.2|70.4|28.5|27.1|27.8,35.32727272727273
www.whitehouse.gov,05-15-2020,08:32:01,26.4|28.0|31.9|35.9|31.1|27.1|41.4|25.8|29.7|27.4|31.7,30.58181818181818
www.whitehouse.gov,05-17-2020,03:32:01,31.0|28.6|30.2|37.4|45.9|24.9|26.9|32.2|26.5|26.7|25.3,30.50909090909091
www.whitehouse.gov,05-17-2020,03:32:01,27.3|26.3|25.9|28.2|27.9|27.5|29.3|25.9|24.3|25.8|25.3,26.7
www.whitehouse.gov,05-17-2020,08:32:01,28.8|25.6|26.9|26.6|26.5|25.4|26.7|28.7|37.4|27.3|25.3,27.745454545454546
www.whitehouse.gov,05-17-2020,08:32:01,26.6|25.3|25.5|27.8|26.5|25.6|27.4|25.6|26.8|27.8|27.0,26.53636363636364
www.whitehouse.gov,05-18-2020,03:32:01,29.0|27.8|27.2|27.6|25.9|28.2|34.2|28.7|31.0|28.4|26.8,28.61818181818182
www.whitehouse.gov,05-18-2020,03:32:01,30.5|29.8|28.8|30.3|29.7|27.9|30.3|29.5|27.5|28.4|29.0,29.245454545454546
www.whitehouse.gov,05-18-2020,08:32:01,32.9|31.2|27.4|28.6|30.8|28.6|28.4|28.8|35.6|28.4|47.3,31.636363636363637
www.whitehouse.gov,05-18-2020,08:32:01,37.7|29.7|35.2|32.5|33.4|35.7|35.9|27.7|29.9|29.6|28.3,32.32727272727273
www.whitehouse.gov,05-19-2020,03:32:02,26.4|29.3|63.7|30.1|27.8|33.1|25.7|31.1|28.4|28.5|26.9,31.909090909090903
www.whitehouse.gov,05-19-2020,03:32:02,26.2|25.3|28.6|29.7|26.9|27.6|27.9|28.4|28.0|24.7|34.0,27.936363636363637
www.whitehouse.gov,05-19-2020,08:32:01,34.0|31.5|34.6|28.3|27.4|25.6|26.4|30.3|29.4|29.1|30.6,29.74545454545455
www.whitehouse.gov,05-19-2020,08:32:01,27.7|31.5|25.7|40.8|26.5|28.5|29.5|37.1|27.2|35.7|30.4,30.96363636363636
www.whitehouse.gov,05-20-2020,03:32:01,26.1|26.2|35.0|26.2|39.8|25.1|26.2|34.1|25.3|33.3|30.5,29.8
www.whitehouse.gov,05-20-2020,03:32:01,23.4|26.0|28.6|28.4|27.4|24.4|26.0|28.5|26.8|30.1|29.1,27.15454545454546
www.whitehouse.gov,05-20-2020,08:32:01,66.0|28.4|28.0|25.3|29.6|54.6|29.7|26.3|65.6|37.9|29.7,38.28181818181818
www.whitehouse.gov,05-20-2020,08:32:01,31.6|28.4|31.3|30.2|28.4|29.9|31.0|80.5|27.5|28.8|30.0,34.32727272727273
www.whitehouse.gov,05-26-2020,03:32:01,38.3|26.1|27.1|29.6|26.8|29.8|26.4|33.1|26.1|25.7|26.2,28.654545454545453
www.whitehouse.gov,05-26-2020,03:32:01,27.4|27.4|24.8|30.2|27.0|28.7|26.1|27.0|34.1|36.8|36.2,29.60909090909091
www.whitehouse.gov,05-26-2020,08:32:01,59.3|25.7|28.2|25.5|27.1|26.3|63.3|26.4|26.7|29.7|25.7,33.08181818181817
www.whitehouse.gov,05-26-2020,08:32:01,24.8|45.3|28.3|26.3|32.3|25.7|30.0|32.1|27.7|36.1|30.3,30.809090909090912
www.whitehouse.gov,05-22-2020,03:32:01,25.0|27.6|28.8|37.8|27.3|25.8|25.8|26.3|25.6|24.9|29.2,27.64545454545454
www.whitehouse.gov,05-22-2020,03:32:01,26.8|27.4|27.4|29.5|34.9|24.7|29.9|28.4|27.8|28.6|32.1,28.86363636363637
www.whitehouse.gov,05-22-2020,08:32:01,25.9|26.0|30.6|28.2|27.7|27.3|31.8|26.1|29.1|25.7|27.1,27.772727272727273
www.whitehouse.gov,05-22-2020,08:32:01,29.4|35.8|33.0|35.8|25.7|33.9|25.6|27.6|26.3|31.5|27.0,30.145454545454548
www.whitehouse.gov,05-23-2020,03:32:01,25.9|26.2|25.5|27.0|25.3|25.1|25.5|26.7|25.4|27.5|29.3,26.309090909090912
www.whitehouse.gov,05-23-2020,03:32:01,25.5|28.2|29.1|26.4|24.9|25.6|25.5|25.2|26.8|26.3|31.2,26.79090909090909
www.whitehouse.gov,05-23-2020,08:32:01,30.5|38.2|37.7|31.8|28.9|30.2|37.7|33.2|30.4|28.8|35.1,32.95454545454545
www.whitehouse.gov,05-23-2020,08:32:01,35.9|30.7|29.0|34.6|32.5|36.9|32.1|34.6|30.9|29.2|37.0,33.03636363636363
www.whitehouse.gov,05-24-2020,03:32:01,27.1|26.6|26.3|24.9|26.2|26.5|28.6|25.1|34.7|27.4|26.6,27.272727272727273
www.whitehouse.gov,05-24-2020,03:32:01,24.7|26.7|25.2|26.0|26.0|28.7|26.4|28.7|25.0|26.0|29.7,26.64545454545454
www.whitehouse.gov,05-24-2020,08:32:01,29.5|27.4|30.4|25.1|35.0|27.8|42.7|33.4|35.5|26.4|27.6,30.981818181818177
www.whitehouse.gov,05-24-2020,08:32:01,27.1|30.5|26.8|26.0|26.0|26.4|26.5|29.3|26.0|30.6|27.6,27.527272727272727
www.whitehouse.gov,05-25-2020,03:32:01,27.4|26.8|26.6|27.6|25.5|26.8|25.8|24.9|27.8|28.9|34.5,27.50909090909091
www.whitehouse.gov,05-25-2020,03:32:01,26.5|26.7|28.0|27.3|28.1|26.4|26.3|29.1|39.4|26.1|32.8,28.790909090909096
www.whitehouse.gov,05-25-2020,08:32:01,33.8|26.1|28.4|26.6|29.5|29.8|34.4|26.4|25.4|27.2|43.8,30.127272727272725
www.whitehouse.gov,05-25-2020,08:32:01,34.3|27.2|27.7|26.1|27.4|29.3|45.8|28.0|27.0|30.6|26.3,29.972727272727276
