www.medlineplus.gov,05-11-2020,03:32:01,27.9|33.2|27.7|26.4|26.8|23.6|26.3|23.2|23.9|27.8|26.9,26.7
www.medlineplus.gov,05-11-2020,03:32:01,36.2|59.7|29.5|30.6|28.9|25.0|25.5|24.2|26.9|25.4|43.4,32.3
www.medlineplus.gov,05-11-2020,08:32:01,26.3|25.8|28.7|30.8|29.8|25.5|25.7|26.3|25.7|30.4|29.3,27.66363636363636
www.medlineplus.gov,05-11-2020,08:32:01,77.3|28.9|28.3|28.5|32.6|28.6|72.5|25.8|26.0|26.6|33.0,37.1
www.medlineplus.gov,05-12-2020,03:32:01,25.6|25.6|24.9|24.3|26.0|35.0|24.5|25.3|29.1|25.9|26.4,26.599999999999998
www.medlineplus.gov,05-12-2020,03:32:01,27.6|29.4|32.7|31.6|25.7|35.9|28.7|28.6|27.1|25.9|26.0,29.018181818181816
www.medlineplus.gov,05-12-2020,08:32:01,26.3|27.8|27.4|27.0|32.4|27.6|34.8|27.7|27.3|30.7|26.5,28.681818181818183
www.medlineplus.gov,05-12-2020,08:32:01,26.0|27.2|28.2|31.2|29.2|28.7|28.1|26.7|29.4|30.4|28.2,28.481818181818177
www.medlineplus.gov,05-13-2020,03:32:01,25.3|29.3|25.8|24.4|25.2|25.9|28.1|28.9|26.8|27.4|38.1,27.74545454545455
www.medlineplus.gov,05-13-2020,03:32:01,26.4|25.8|25.3|29.8|31.6|25.6|27.5|26.8|27.5|24.9|29.2,27.30909090909091
www.medlineplus.gov,05-13-2020,08:32:01,27.3|27.6|29.6|25.5|26.2|27.0|28.2|25.4|28.2|28.4|30.7,27.64545454545454
www.medlineplus.gov,05-13-2020,08:32:01,28.5|27.7|28.7|25.5|31.7|26.3|26.6|26.3|25.9|28.2|30.8,27.83636363636364
www.medlineplus.gov,05-14-2020,03:32:01,27.3|25.8|24.9|27.0|24.1|25.5|25.9|25.9|23.9|26.6|27.1,25.818181818181824
www.medlineplus.gov,05-14-2020,03:32:01,24.8|29.9|26.9|25.1|24.7|24.3|26.0|64.7|33.3|25.0|25.0,29.972727272727273
www.medlineplus.gov,05-14-2020,08:32:01,29.4|32.4|26.2|26.9|31.3|25.5|28.8|28.6|29.5|30.0|25.3,28.53636363636364
www.medlineplus.gov,05-14-2020,08:32:01,26.1|34.0|37.0|25.0|27.7|25.0|29.1|34.8|24.9|60.2|60.1,34.9
www.medlineplus.gov,05-15-2020,03:32:01,34.6|24.9|32.1|35.9|28.8|38.1|65.4|53.7|25.8|25.6|25.5,35.49090909090909
www.medlineplus.gov,05-15-2020,03:32:01,67.9|58.6|68.5|62.3|29.1|27.1|28.5|24.3|26.1|82.4|65.4,49.10909090909092
www.medlineplus.gov,05-15-2020,08:32:01,27.9|28.8|30.5|25.7|30.4|25.9|29.3|28.8|26.5|29.0|30.9,28.518181818181816
www.medlineplus.gov,05-15-2020,08:32:01,113.0|25.8|26.9|26.5|102.0|25.7|32.6|25.6|25.2|25.1|28.7,41.554545454545455
www.medlineplus.gov,05-17-2020,03:32:01,25.9|32.3|25.7|26.1|24.3|27.6|28.0|25.0|28.8|28.8|26.7,27.2
www.medlineplus.gov,05-17-2020,03:32:01,23.7|25.5|24.7|30.1|25.9|26.4|32.1|23.8|26.8|29.5|27.7,26.927272727272726
www.medlineplus.gov,05-17-2020,08:32:01,27.3|26.6|27.8|27.6|26.4|24.7|25.0|30.4|27.8|30.1|35.9,28.145454545454548
www.medlineplus.gov,05-17-2020,08:32:01,26.3|27.7|24.0|24.7|25.4|24.0|26.5|23.9|25.3|24.9|25.5,25.290909090909096
www.medlineplus.gov,05-18-2020,03:32:01,27.2|27.4|31.4|28.1|28.0|28.1|27.4|27.6|27.5|27.6|28.7,28.09090909090909
www.medlineplus.gov,05-18-2020,03:32:01,25.8|28.6|27.4|27.3|27.9|25.9|26.5|27.1|28.1|25.8|26.3,26.972727272727273
www.medlineplus.gov,05-18-2020,08:32:01,30.1|32.0|28.1|31.6|27.4|35.3|30.1|27.5|28.5|26.6|30.9,29.827272727272728
www.medlineplus.gov,05-18-2020,08:32:01,34.4|28.4|29.1|27.5|28.2|29.3|47.9|29.9|36.7|31.7|28.8,31.990909090909096
www.medlineplus.gov,05-19-2020,03:32:02,26.0|24.8|27.0|26.1|30.0|25.8|30.5|25.5|24.4|26.5|33.1,27.24545454545455
www.medlineplus.gov,05-19-2020,03:32:02,23.7|26.7|25.9|24.5|28.2|27.2|25.1|41.6|28.1|33.2|25.4,28.14545454545454
www.medlineplus.gov,05-19-2020,08:32:01,28.5|32.4|26.0|30.7|28.9|34.6|26.6|27.9|34.2|29.8|28.5,29.827272727272728
www.medlineplus.gov,05-19-2020,08:32:01,26.7|28.0|33.3|28.2|29.1|31.0|35.9|27.5|34.7|25.6|33.1,30.281818181818185
www.medlineplus.gov,05-20-2020,03:32:01,26.1|27.4|26.1|27.1|27.0|26.1|24.8|28.3|27.8|30.9|25.8,27.03636363636364
www.medlineplus.gov,05-20-2020,03:32:01,26.9|28.3|26.8|24.8|26.5|28.4|27.0|24.3|23.8|24.4|29.4,26.418181818181814
www.medlineplus.gov,05-20-2020,08:32:01,24.5|29.9|29.5|25.8|23.9|30.1|51.8|25.9|26.2|25.1|31.3,29.454545454545453
www.medlineplus.gov,05-20-2020,08:32:01,36.2|32.8|25.2|34.8|41.6|25.9|26.0|25.8|28.8|35.9|59.4,33.85454545454545
www.medlineplus.gov,05-26-2020,03:32:01,29.8|27.3|25.6|26.3|25.0|29.0|25.7|26.1|25.8|25.6|29.9,26.91818181818182
www.medlineplus.gov,05-26-2020,03:32:01,25.1|32.0|24.8|26.8|28.7|28.9|27.9|27.6|29.7|24.3|34.2,28.181818181818183
www.medlineplus.gov,05-26-2020,08:32:01,26.6|31.8|26.9|27.4|30.3|26.3|26.5|35.3|25.1|27.4|25.8,28.12727272727273
www.medlineplus.gov,05-26-2020,08:32:01,36.8|30.3|35.3|27.1|29.7|25.8|28.7|27.2|33.0|27.1|26.6,29.781818181818185
www.medlineplus.gov,05-22-2020,03:32:01,29.3|28.5|27.0|25.6|30.8|24.0|25.8|29.5|30.0|27.5|24.8,27.527272727272727
www.medlineplus.gov,05-22-2020,03:32:01,26.8|31.0|29.7|23.8|28.4|34.8|25.7|24.2|35.7|27.4|24.3,28.34545454545454
www.medlineplus.gov,05-22-2020,08:32:01,26.0|25.9|28.2|24.7|24.4|26.2|26.0|25.2|23.7|27.5|29.9,26.15454545454545
www.medlineplus.gov,05-22-2020,08:32:01,34.8|27.2|26.4|33.0|27.1|25.1|25.5|31.6|25.2|34.0|28.7,28.96363636363636
www.medlineplus.gov,05-23-2020,03:32:01,25.1|24.8|26.1|25.3|25.7|29.1|25.2|25.4|25.5|27.0|25.3,25.863636363636363
www.medlineplus.gov,05-23-2020,03:32:01,25.5|24.4|25.6|26.5|28.1|27.6|26.3|35.0|28.9|25.9|24.1,27.081818181818186
www.medlineplus.gov,05-23-2020,08:32:01,38.3|32.6|31.3|31.5|28.1|29.0|29.9|30.0|29.0|34.0|33.8,31.59090909090909
www.medlineplus.gov,05-23-2020,08:32:01,69.0|30.5|32.0|32.6|35.1|62.1|48.6|32.3|30.0|37.5|51.9,41.96363636363637
www.medlineplus.gov,05-24-2020,03:32:01,26.4|25.9|25.3|25.5|24.7|26.1|26.3|25.3|32.2|25.8|25.9,26.30909090909091
www.medlineplus.gov,05-24-2020,03:32:01,24.5|26.1|25.2|25.1|25.6|25.4|31.3|25.1|34.7|29.4|24.8,27.018181818181816
www.medlineplus.gov,05-24-2020,08:32:01,24.4|25.6|25.3|28.8|26.4|31.1|26.9|27.7|24.4|25.2|29.7,26.863636363636363
www.medlineplus.gov,05-24-2020,08:32:01,36.3|34.3|25.5|25.3|32.5|27.5|26.5|25.1|26.1|27.1|25.2,28.309090909090912
www.medlineplus.gov,05-25-2020,03:32:01,25.3|25.3|30.4|28.8|25.0|27.5|24.6|23.8|24.6|29.5|25.7,26.40909090909091
www.medlineplus.gov,05-25-2020,03:32:01,26.7|29.9|24.9|33.1|25.3|25.6|26.0|27.6|24.3|26.4|25.5,26.845454545454547
www.medlineplus.gov,05-25-2020,08:32:01,30.3|26.9|31.1|26.9|28.6|26.8|29.8|28.8|27.5|25.7|28.5,28.263636363636362
www.medlineplus.gov,05-25-2020,08:32:01,27.9|25.3|25.2|26.7|25.5|28.4|24.7|28.8|27.5|28.8|26.2,26.818181818181817
