www.letgo.com,05-11-2020,03:32:01,28.4|26.4|24.4|25.1|26.7|33.4|25.4|30.9|23.8|23.4|28.5,26.94545454545454
www.letgo.com,05-11-2020,03:32:01,26.0|308.0|154.0|24.2|25.4|23.4|25.3|25.2|25.3|24.7|27.8,62.66363636363636
www.letgo.com,05-11-2020,08:32:01,30.7|27.8|30.3|29.6|28.7|28.8|28.0|29.9|35.8|27.2|26.2,29.363636363636363
www.letgo.com,05-11-2020,08:32:01,34.0|26.2|27.1|25.0|26.7|26.0|25.6|23.6|24.2|27.8|24.8,26.454545454545453
www.letgo.com,05-12-2020,03:32:01,28.2|24.9|27.4|32.3|25.1|26.1|26.6|24.7|25.0|27.1|24.9,26.572727272727267
www.letgo.com,05-12-2020,03:32:01,27.1|25.2|26.2|25.6|28.3|24.7|27.4|29.8|25.9|27.0|32.4,27.236363636363638
www.letgo.com,05-12-2020,08:32:01,43.7|28.0|30.2|26.5|25.4|34.4|26.1|28.8|25.1|26.7|27.0,29.263636363636365
www.letgo.com,05-12-2020,08:32:01,36.7|35.5|25.5|25.8|32.2|26.9|30.6|25.3|29.7|27.1|24.8,29.1
www.letgo.com,05-13-2020,03:32:01,24.4|24.0|28.8|30.6|34.2|25.6|26.6|24.8|28.7|29.2|28.6,27.772727272727277
www.letgo.com,05-13-2020,03:32:01,25.6|30.0|31.4|27.1|25.0|24.9|26.4|28.2|27.9|25.6|24.9,27.0
www.letgo.com,05-13-2020,08:32:01,25.6|28.8|27.5|25.7|27.8|25.9|28.9|26.6|31.2|30.8|25.6,27.672727272727276
www.letgo.com,05-13-2020,08:32:01,25.5|24.7|25.2|25.9|72.9|35.0|25.3|31.8|31.9|27.0|49.8,34.09090909090909
www.letgo.com,05-14-2020,03:32:01,25.6|25.9|47.8|28.6|25.3|26.2|28.4|24.3|26.5|25.8|25.4,28.163636363636364
www.letgo.com,05-14-2020,03:32:01,25.9|47.5|25.1|25.1|26.3|25.6|25.0|25.3|24.8|26.5|26.8,27.62727272727273
www.letgo.com,05-14-2020,08:32:01,25.3|27.6|26.3|44.9|25.1|27.0|27.3|75.0|69.6|64.1|63.3,43.227272727272734
www.letgo.com,05-14-2020,08:32:01,30.6|26.6|35.1|28.7|26.1|25.9|70.6|66.3|36.4|26.9|29.7,36.62727272727272
www.letgo.com,05-15-2020,03:32:01,25.0|68.5|66.4|53.8|25.7|25.6|33.8|25.3|30.4|25.5|26.3,36.93636363636363
www.letgo.com,05-15-2020,03:32:01,59.4|66.3|89.1|27.0|36.2|29.2|24.7|26.3|25.0|27.3|88.6,45.372727272727275
www.letgo.com,05-15-2020,08:32:01,29.8|24.2|26.9|33.7|27.1|25.3|34.5|28.2|24.4|27.4|32.3,28.527272727272727
www.letgo.com,05-15-2020,08:32:01,24.5|24.8|31.1|26.3|36.7|27.3|30.0|26.9|28.1|26.5|27.7,28.172727272727276
www.letgo.com,05-17-2020,03:32:01,26.5|32.7|30.8|28.7|28.3|28.0|28.7|36.3|28.3|30.4|27.7,29.672727272727272
www.letgo.com,05-17-2020,03:32:01,28.1|26.7|28.2|25.0|26.0|27.1|27.5|28.5|27.8|25.9|29.0,27.254545454545454
www.letgo.com,05-17-2020,08:32:01,27.2|25.4|26.7|25.6|25.9|25.0|32.3|33.2|30.2|25.2|23.6,27.3
www.letgo.com,05-17-2020,08:32:01,32.8|31.0|25.8|25.7|24.8|25.4|25.6|24.6|25.0|25.9|30.8,27.036363636363635
www.letgo.com,05-18-2020,03:32:01,28.2|26.3|26.5|27.5|28.0|25.2|28.0|26.2|33.2|27.2|26.1,27.490909090909096
www.letgo.com,05-18-2020,03:32:01,25.5|29.3|28.8|26.0|25.5|26.5|29.4|27.1|29.5|27.3|26.1,27.363636363636363
www.letgo.com,05-18-2020,08:32:01,29.5|30.3|38.3|29.0|32.9|28.2|35.8|32.1|29.4|30.9|38.0,32.21818181818182
www.letgo.com,05-18-2020,08:32:01,28.4|29.5|28.0|41.9|28.9|51.4|27.0|46.3|44.7|46.3|30.3,36.60909090909091
www.letgo.com,05-19-2020,03:32:02,32.8|25.8|25.4|25.0|27.4|28.3|25.5|33.7|25.1|26.4|27.9,27.572727272727267
www.letgo.com,05-19-2020,03:32:02,30.0|29.3|25.8|25.6|26.4|26.5|31.8|29.3|28.4|26.8|28.0,27.99090909090909
www.letgo.com,05-19-2020,08:32:01,27.4|36.3|31.2|29.9|27.3|27.8|38.0|29.8|27.7|39.8|27.9,31.190909090909088
www.letgo.com,05-19-2020,08:32:01,27.6|29.0|40.0|27.1|29.3|31.6|28.5|32.7|28.7|27.9|25.4,29.799999999999997
www.letgo.com,05-20-2020,03:32:01,25.2|25.3|25.4|27.7|27.0|25.1|24.1|26.3|26.2|26.5|24.6,25.763636363636362
www.letgo.com,05-20-2020,03:32:01,26.6|34.5|25.9|27.3|25.0|24.7|26.5|27.5|26.5|25.4|25.6,26.863636363636363
www.letgo.com,05-20-2020,08:32:01,27.6|40.8|24.8|28.7|29.2|28.5|32.8|26.2|27.4|30.1|24.8,29.172727272727276
www.letgo.com,05-20-2020,08:32:01,24.9|29.4|33.1|31.5|35.4|33.2|25.8|30.2|25.4|23.7|26.8,29.036363636363635
www.letgo.com,05-26-2020,03:32:01,28.7|29.7|32.4|26.2|24.4|25.2|25.6|31.3|25.5|26.0|26.9,27.44545454545454
www.letgo.com,05-26-2020,03:32:01,24.7|24.8|25.5|28.9|32.0|31.6|30.3|28.3|27.8|28.7|24.8,27.94545454545455
www.letgo.com,05-26-2020,08:32:01,24.5|26.3|26.2|25.5|34.6|26.8|28.8|31.6|30.1|26.4|29.2,28.181818181818183
www.letgo.com,05-26-2020,08:32:01,31.4|30.9|26.5|27.1|32.2|31.6|28.4|41.6|24.9|31.1|25.8,30.13636363636364
www.letgo.com,05-22-2020,03:32:01,26.8|27.9|26.6|27.4|26.3|25.0|28.6|26.3|26.2|25.1|28.2,26.763636363636362
www.letgo.com,05-22-2020,03:32:01,76.4|25.7|26.2|25.8|26.9|27.3|24.2|34.4|23.2|26.8|27.6,31.318181818181824
www.letgo.com,05-22-2020,08:32:01,43.4|31.5|29.4|26.3|25.6|39.9|25.4|26.5|28.4|26.3|30.5,30.290909090909096
www.letgo.com,05-22-2020,08:32:01,25.6|25.9|23.9|27.0|25.0|26.3|25.4|30.8|39.4|29.4|33.7,28.4
www.letgo.com,05-23-2020,03:32:01,32.3|24.2|24.9|26.4|26.3|40.6|29.7|24.7|23.9|25.8|26.3,27.736363636363638
www.letgo.com,05-23-2020,03:32:01,25.6|32.6|27.0|26.6|24.0|24.7|29.4|26.6|25.0|26.2|29.4,27.009090909090904
www.letgo.com,05-23-2020,08:32:01,26.3|28.0|23.9|34.3|26.0|30.0|29.4|27.9|28.6|24.0|40.1,28.954545454545453
www.letgo.com,05-23-2020,08:32:01,26.6|25.6|29.7|26.8|27.8|27.3|30.1|26.5|26.2|25.3|24.6,26.954545454545453
www.letgo.com,05-24-2020,03:32:01,26.1|25.9|28.2|26.6|25.6|36.3|26.1|24.7|28.3|26.1|31.3,27.74545454545455
www.letgo.com,05-24-2020,03:32:01,28.6|24.5|26.6|26.7|25.1|25.5|23.5|25.1|24.7|24.9|24.5,25.427272727272733
www.letgo.com,05-24-2020,08:32:01,25.4|24.9|24.5|25.1|27.7|25.9|28.5|25.3|25.2|25.4|25.3,25.745454545454546
www.letgo.com,05-24-2020,08:32:01,27.1|26.2|25.5|41.2|24.9|30.1|33.1|27.6|25.0|26.1|25.8,28.41818181818182
www.letgo.com,05-25-2020,03:32:01,25.3|28.2|25.9|25.0|25.5|25.3|23.9|24.2|24.9|23.8|25.6,25.236363636363638
www.letgo.com,05-25-2020,03:32:01,26.7|24.5|26.5|24.7|30.0|24.8|28.9|36.8|25.2|28.1|24.9,27.37272727272727
www.letgo.com,05-25-2020,08:32:01,24.2|28.4|28.7|26.9|25.3|26.9|23.9|26.3|33.6|26.7|25.6,26.954545454545453
www.letgo.com,05-25-2020,08:32:01,25.4|24.6|26.2|27.0|26.2|24.1|27.0|25.0|27.2|29.5|26.0,26.2
