www.fda.gov,05-11-2020,03:32:01,27.6|26.2|25.2|33.6|24.9|40.6|27.7|25.0|25.6|24.7|29.3,28.218181818181822
www.fda.gov,05-11-2020,03:32:01,26.7|30.5|24.3|28.1|29.5|31.4|36.3|34.4|26.4|32.5|36.5,30.599999999999998
www.fda.gov,05-11-2020,08:32:01,27.6|30.7|34.5|31.0|29.8|28.1|26.8|25.9|34.4|25.8|28.7,29.39090909090909
www.fda.gov,05-11-2020,08:32:01,31.3|27.5|25.5|26.0|26.1|27.1|32.9|27.5|49.9|32.7|83.3,35.43636363636363
www.fda.gov,05-12-2020,03:32:01,25.6|27.7|26.4|28.8|28.3|26.5|26.0|25.9|24.4|27.4|25.5,26.59090909090909
www.fda.gov,05-12-2020,03:32:01,25.9|25.0|29.7|25.1|24.4|28.5|25.7|29.6|25.1|25.6|29.1,26.7
www.fda.gov,05-12-2020,08:32:01,27.0|27.6|29.1|28.4|26.7|37.2|27.6|28.6|30.3|27.6|26.0,28.736363636363638
www.fda.gov,05-12-2020,08:32:01,27.6|26.5|29.0|33.4|28.5|39.8|27.7|26.6|29.8|28.9|29.2,29.727272727272723
www.fda.gov,05-13-2020,03:32:01,26.1|29.4|29.1|25.6|32.8|36.9|25.1|25.4|26.6|27.0|25.5,28.136363636363637
www.fda.gov,05-13-2020,03:32:01,24.4|28.1|27.7|24.9|27.5|29.3|39.7|30.0|27.1|25.2|26.2,28.190909090909088
www.fda.gov,05-13-2020,08:32:01,26.0|29.7|26.9|27.1|31.0|30.7|25.5|32.7|25.9|29.5|24.1,28.1
www.fda.gov,05-13-2020,08:32:01,26.1|32.7|34.6|25.3|25.6|29.5|26.9|33.3|27.5|38.6|34.1,30.381818181818186
www.fda.gov,05-14-2020,03:32:01,25.0|26.2|31.8|25.4|27.2|25.1|26.4|26.1|26.4|25.5|26.5,26.50909090909091
www.fda.gov,05-14-2020,03:32:01,26.5|27.0|24.2|51.9|29.9|25.5|33.7|26.5|26.6|33.8|26.3,30.172727272727276
www.fda.gov,05-14-2020,08:32:01,26.7|57.3|31.3|29.1|27.0|32.8|25.5|27.3|26.1|30.4|48.3,32.89090909090909
www.fda.gov,05-14-2020,08:32:01,25.3|28.1|28.1|28.1|28.8|29.1|30.7|27.4|29.4|26.9|35.6,28.86363636363637
www.fda.gov,05-15-2020,03:32:01,26.3|28.7|36.7|72.2|65.2|64.5|64.0|26.7|28.2|27.2|25.8,42.31818181818181
www.fda.gov,05-15-2020,03:32:01,34.2|28.1|29.2|30.3|32.2|25.2|25.6|28.0|26.6|26.4|28.3,28.55454545454546
www.fda.gov,05-15-2020,08:32:01,33.8|26.1|26.6|29.3|27.4|24.9|27.9|28.9|32.1|25.8|35.7,28.954545454545453
www.fda.gov,05-15-2020,08:32:01,24.4|26.6|30.9|27.0|26.8|35.4|119.0|25.8|26.2|72.0|25.8,39.99090909090909
www.fda.gov,05-17-2020,03:32:01,25.5|48.8|24.7|24.3|26.1|27.5|26.0|26.4|25.4|28.1|28.2,28.272727272727273
www.fda.gov,05-17-2020,03:32:01,25.5|27.4|32.1|25.6|27.4|27.5|26.5|26.9|25.3|62.0|25.7,30.172727272727272
www.fda.gov,05-17-2020,08:32:01,26.2|36.5|24.7|25.6|26.3|26.3|24.9|27.6|26.0|25.1|25.8,26.818181818181817
www.fda.gov,05-17-2020,08:32:01,25.3|25.7|28.6|27.1|26.3|25.2|25.1|25.4|34.4|27.1|28.8,27.181818181818183
www.fda.gov,05-18-2020,03:32:01,26.6|27.8|30.1|32.4|31.9|27.2|29.7|28.4|36.0|27.5|29.4,29.727272727272727
www.fda.gov,05-18-2020,03:32:01,29.1|35.2|28.1|32.0|28.5|28.3|33.7|31.2|27.5|27.6|31.5,30.24545454545455
www.fda.gov,05-18-2020,08:32:01,29.6|29.6|26.6|29.8|29.5|32.7|27.4|29.7|29.0|29.9|30.6,29.49090909090909
www.fda.gov,05-18-2020,08:32:01,28.0|43.4|27.9|29.5|29.8|28.9|29.2|27.9|27.3|31.8|28.1,30.16363636363637
www.fda.gov,05-19-2020,03:32:02,26.5|27.2|28.4|27.7|28.8|31.2|30.8|28.1|27.8|25.7|26.5,28.063636363636363
www.fda.gov,05-19-2020,03:32:02,26.3|29.1|30.9|42.2|35.8|27.3|27.5|30.3|29.8|25.2|25.7,30.009090909090904
www.fda.gov,05-19-2020,08:32:01,28.1|37.2|27.3|26.8|32.1|29.3|27.2|25.6|27.7|31.0|42.5,30.436363636363637
www.fda.gov,05-19-2020,08:32:01,27.0|29.9|31.4|30.8|28.5|29.6|29.3|26.6|38.2|26.1|26.6,29.45454545454546
www.fda.gov,05-20-2020,03:32:01,25.7|25.4|26.6|25.5|25.8|27.6|24.9|26.2|29.2|24.6|28.7,26.38181818181818
www.fda.gov,05-20-2020,03:32:01,30.5|30.3|37.7|27.6|30.6|27.6|25.0|25.5|25.7|33.9|24.0,28.94545454545454
www.fda.gov,05-20-2020,08:32:01,90.4|28.5|34.6|27.3|28.3|25.3|27.4|26.4|29.1|28.3|27.7,33.936363636363645
www.fda.gov,05-20-2020,08:32:01,58.9|29.5|32.0|26.2|31.6|26.6|62.3|29.1|30.0|30.9|103.0,41.82727272727273
www.fda.gov,05-26-2020,03:32:01,25.2|28.2|34.6|28.1|27.0|25.4|27.0|26.7|31.0|27.0|29.4,28.14545454545454
www.fda.gov,05-26-2020,03:32:01,26.3|26.4|34.8|27.8|26.0|27.9|26.5|25.9|28.2|26.3|26.9,27.54545454545454
www.fda.gov,05-26-2020,08:32:01,29.9|26.7|26.2|27.6|31.1|40.4|34.8|28.3|29.5|29.0|30.8,30.39090909090909
www.fda.gov,05-26-2020,08:32:01,30.7|28.0|73.7|35.9|25.8|27.6|27.7|28.4|57.7|51.9|26.5,37.627272727272725
www.fda.gov,05-22-2020,03:32:01,31.6|35.5|34.1|30.9|29.6|28.3|28.8|27.2|36.3|28.1|26.9,30.663636363636364
www.fda.gov,05-22-2020,03:32:01,26.8|30.3|24.4|26.3|26.5|24.5|26.0|27.1|26.6|33.1|29.5,27.372727272727275
www.fda.gov,05-22-2020,08:32:01,27.3|29.0|25.8|25.4|26.0|25.2|26.9|27.2|33.9|28.4|27.2,27.481818181818184
www.fda.gov,05-22-2020,08:32:01,25.4|26.3|25.9|35.0|26.0|28.8|31.8|30.1|26.1|27.9|36.0,29.027272727272727
www.fda.gov,05-23-2020,03:32:01,32.9|24.7|27.5|26.0|25.7|27.1|26.1|24.9|28.2|38.3|25.1,27.863636363636363
www.fda.gov,05-23-2020,03:32:01,25.7|27.0|25.4|29.7|25.7|30.1|25.4|28.1|26.8|26.1|29.1,27.19090909090909
www.fda.gov,05-23-2020,08:32:01,28.9|28.5|36.1|31.7|31.9|30.4|28.3|30.6|29.0|28.4|35.3,30.827272727272724
www.fda.gov,05-23-2020,08:32:01,29.1|31.0|33.2|40.1|41.2|33.7|34.7|33.7|33.0|35.8|31.4,34.263636363636365
www.fda.gov,05-24-2020,03:32:01,31.3|34.5|28.8|27.5|25.4|26.9|25.2|25.6|25.4|25.7|26.9,27.563636363636363
www.fda.gov,05-24-2020,03:32:01,26.2|29.3|26.1|27.5|25.6|26.1|26.1|32.2|29.8|25.8|25.3,27.272727272727273
www.fda.gov,05-24-2020,08:32:01,25.1|26.9|32.9|24.0|33.0|26.5|25.6|28.3|25.7|32.9|28.1,28.09090909090909
www.fda.gov,05-24-2020,08:32:01,25.4|27.0|28.1|26.2|26.8|29.4|26.3|26.5|26.5|27.6|26.8,26.963636363636365
www.fda.gov,05-25-2020,03:32:01,28.6|27.2|28.2|27.6|28.3|25.1|25.2|25.6|32.3|26.0|25.9,27.272727272727273
www.fda.gov,05-25-2020,03:32:01,26.3|30.8|30.3|25.7|28.5|26.9|25.2|34.5|25.1|30.9|30.3,28.59090909090909
www.fda.gov,05-25-2020,08:32:01,27.2|32.6|36.3|30.1|34.3|27.2|28.1|25.6|30.6|33.7|28.2,30.354545454545452
www.fda.gov,05-25-2020,08:32:01,28.2|26.5|28.3|31.9|32.9|25.7|26.5|33.7|35.1|30.2|29.2,29.836363636363636
