www.cnn.com,05-11-2020,03:32:01,25.2|25.6|30.8|28.6|29.2|28.5|25.1|23.8|25.4|28.6|24.8,26.872727272727275
www.cnn.com,05-11-2020,03:32:01,23.6|27.7|24.4|26.4|24.3|30.5|24.8|25.2|23.6|31.8|24.7,26.090909090909086
www.cnn.com,05-11-2020,08:32:01,31.2|27.6|27.0|24.3|30.4|25.0|27.3|25.3|32.3|26.5|24.2,27.37272727272727
www.cnn.com,05-11-2020,08:32:01,30.6|25.4|31.4|42.1|27.0|26.4|24.2|29.9|25.6|32.1|68.2,32.99090909090909
www.cnn.com,05-12-2020,03:32:01,26.2|27.6|23.5|28.5|25.3|26.5|25.2|23.3|24.9|23.8|25.5,25.481818181818184
www.cnn.com,05-12-2020,03:32:01,25.6|51.9|24.3|27.1|25.6|25.7|23.9|26.8|24.4|26.6|25.0,27.900000000000002
www.cnn.com,05-12-2020,08:32:01,26.2|29.7|28.4|32.5|41.2|26.8|29.5|33.2|25.9|29.0|26.4,29.890909090909087
www.cnn.com,05-12-2020,08:32:01,28.9|25.5|28.1|25.9|26.9|25.3|27.3|26.6|25.7|28.4|31.7,27.299999999999997
www.cnn.com,05-13-2020,03:32:01,24.2|28.6|26.5|32.8|30.6|88.6|25.7|26.8|27.4|27.0|25.6,33.07272727272727
www.cnn.com,05-13-2020,03:32:01,28.2|25.2|27.8|28.4|23.8|24.9|26.5|25.9|25.0|28.6|26.8,26.463636363636365
www.cnn.com,05-13-2020,08:32:01,30.3|25.2|27.8|26.4|25.1|26.3|26.5|26.8|24.8|29.4|28.7,27.027272727272727
www.cnn.com,05-13-2020,08:32:01,27.6|27.6|31.4|25.2|24.7|30.8|26.5|25.8|25.1|23.7|25.9,26.75454545454545
www.cnn.com,05-14-2020,03:32:01,25.7|26.6|25.2|25.6|27.3|24.5|26.5|24.2|26.5|26.7|28.5,26.11818181818182
www.cnn.com,05-14-2020,03:32:01,25.8|28.8|26.9|34.6|59.0|26.1|25.1|31.5|26.6|24.1|26.6,30.463636363636365
www.cnn.com,05-14-2020,08:32:01,28.4|26.7|26.7|26.1|35.1|24.9|26.6|24.5|42.5|25.3|28.6,28.672727272727276
www.cnn.com,05-14-2020,08:32:01,27.9|23.9|30.2|24.7|25.3|27.9|24.1|24.4|25.8|30.3|27.6,26.55454545454546
www.cnn.com,05-15-2020,03:32:01,28.8|27.6|27.2|29.3|75.2|58.8|24.5|25.1|36.2|27.2|25.7,35.054545454545455
www.cnn.com,05-15-2020,03:32:01,24.5|29.5|28.8|80.7|57.7|70.6|26.6|24.8|27.8|26.1|24.9,38.36363636363637
www.cnn.com,05-15-2020,08:32:01,25.1|25.7|24.6|32.4|25.6|29.9|68.8|32.4|28.2|24.4|25.9,31.181818181818176
www.cnn.com,05-15-2020,08:32:01,28.6|26.0|26.3|26.1|27.4|28.3|28.1|25.1|26.7|29.3|34.1,27.818181818181817
www.cnn.com,05-17-2020,03:32:01,26.1|25.7|25.0|25.7|26.4|26.0|24.7|29.4|28.5|24.2|26.4,26.190909090909088
www.cnn.com,05-17-2020,03:32:01,24.5|25.3|24.3|36.3|26.6|26.7|23.7|26.7|24.3|26.4|25.8,26.418181818181814
www.cnn.com,05-17-2020,08:32:01,24.8|24.7|31.4|29.3|28.1|41.0|25.9|26.7|28.2|26.6|33.2,29.08181818181818
www.cnn.com,05-17-2020,08:32:01,26.2|28.8|27.0|28.6|24.0|24.9|30.0|29.2|32.2|28.3|26.2,27.763636363636362
www.cnn.com,05-18-2020,03:32:01,25.9|26.2|27.6|29.8|29.2|26.2|29.6|31.5|31.3|31.5|32.1,29.172727272727276
www.cnn.com,05-18-2020,03:32:01,28.0|26.2|29.6|28.2|28.8|27.4|28.9|30.2|27.9|28.1|28.1,28.309090909090912
www.cnn.com,05-18-2020,08:32:01,26.2|31.2|29.0|28.5|30.1|29.7|28.7|31.4|29.2|38.7|26.9,29.96363636363636
www.cnn.com,05-18-2020,08:32:01,28.9|30.7|26.8|29.6|30.2|30.7|42.5|28.6|34.7|30.6|48.5,32.89090909090909
www.cnn.com,05-19-2020,03:32:02,25.3|27.5|24.2|39.1|23.9|24.6|27.1|24.9|25.9|24.1|26.3,26.62727272727273
www.cnn.com,05-19-2020,03:32:02,26.0|28.6|28.5|26.8|55.7|25.7|26.9|28.3|26.5|26.1|27.1,29.65454545454546
www.cnn.com,05-19-2020,08:32:01,27.1|25.7|27.8|25.0|28.7|24.9|35.2|33.8|24.3|25.4|26.2,27.64545454545454
www.cnn.com,05-19-2020,08:32:01,30.4|28.1|30.7|24.5|27.7|27.1|29.5|30.8|29.5|28.1|28.9,28.663636363636364
www.cnn.com,05-20-2020,03:32:01,28.5|26.4|26.4|30.0|27.3|27.1|25.2|31.1|28.3|28.9|24.8,27.636363636363637
www.cnn.com,05-20-2020,03:32:01,24.1|26.2|32.5|30.7|27.3|25.4|24.4|23.8|24.9|26.2|24.4,26.354545454545452
www.cnn.com,05-20-2020,08:32:01,25.8|26.4|27.6|32.3|26.4|27.6|35.8|26.5|23.8|29.9|26.0,28.009090909090904
www.cnn.com,05-20-2020,08:32:01,26.0|26.2|25.0|78.3|25.4|33.0|30.7|28.8|28.4|114.0|30.1,40.53636363636363
www.cnn.com,05-26-2020,03:32:01,29.6|26.9|28.0|28.7|24.6|28.1|30.9|24.1|27.2|26.5|30.1,27.700000000000003
www.cnn.com,05-26-2020,03:32:01,29.1|25.7|29.6|26.4|29.6|26.4|27.2|28.2|24.6|31.4|26.9,27.736363636363635
www.cnn.com,05-26-2020,08:32:01,30.2|25.3|24.1|26.0|27.0|25.6|32.2|30.9|25.1|24.2|25.3,26.900000000000002
www.cnn.com,05-26-2020,08:32:01,27.7|26.4|25.5|24.1|32.3|24.3|28.0|27.4|27.4|42.7|25.9,28.336363636363636
www.cnn.com,05-22-2020,03:32:01,28.9|26.0|27.7|24.7|27.2|25.1|25.2|26.1|26.6|26.4|28.1,26.545454545454547
www.cnn.com,05-22-2020,03:32:01,24.3|24.8|23.6|32.5|25.3|27.6|27.7|25.7|25.6|26.2|24.0,26.11818181818182
www.cnn.com,05-22-2020,08:32:01,25.4|41.2|26.4|25.9|27.9|26.4|26.8|25.4|27.5|25.8|25.3,27.636363636363637
www.cnn.com,05-22-2020,08:32:01,25.0|27.0|29.6|27.2|25.5|27.8|29.7|29.8|26.8|24.5|26.3,27.2
www.cnn.com,05-23-2020,03:32:01,25.4|29.8|35.9|25.8|45.1|25.1|29.7|27.6|25.8|31.7|26.6,29.863636363636363
www.cnn.com,05-23-2020,03:32:01,25.1|25.0|25.2|25.0|25.1|32.2|26.8|25.1|26.5|24.6|35.6,26.927272727272733
www.cnn.com,05-23-2020,08:32:01,36.0|31.3|34.7|30.6|29.4|33.0|34.0|33.8|36.2|28.4|38.5,33.26363636363636
www.cnn.com,05-23-2020,08:32:01,35.3|28.1|28.8|27.7|29.1|27.7|33.2|30.5|28.1|30.0|30.5,29.90909090909091
www.cnn.com,05-24-2020,03:32:01,26.2|25.5|31.5|26.0|30.6|26.2|26.9|23.9|25.1|26.8|28.1,26.981818181818184
www.cnn.com,05-24-2020,03:32:01,25.6|25.0|26.0|23.2|28.3|24.1|24.4|26.5|26.0|24.7|26.5,25.481818181818184
www.cnn.com,05-24-2020,08:32:01,27.4|29.7|27.4|28.5|25.5|28.1|25.3|31.2|26.7|25.3|31.6,27.88181818181818
www.cnn.com,05-24-2020,08:32:01,26.3|26.2|25.8|28.1|27.5|25.0|26.2|29.0|26.0|28.4|26.7,26.836363636363636
www.cnn.com,05-25-2020,03:32:01,25.4|25.0|24.8|25.4|25.7|24.7|34.4|24.5|29.1|25.7|26.4,26.46363636363636
www.cnn.com,05-25-2020,03:32:01,27.6|24.1|23.9|27.6|32.7|24.2|26.8|30.3|25.8|25.8|24.4,26.654545454545453
www.cnn.com,05-25-2020,08:32:01,26.4|31.9|30.1|33.3|29.2|40.3|25.4|28.3|28.3|27.3|25.7,29.654545454545453
www.cnn.com,05-25-2020,08:32:01,27.1|25.6|28.1|30.1|26.1|26.8|27.0|26.8|25.9|25.0|34.8,27.572727272727274
