www.twitter.com,05-11-2020,03:32:01,46.7|44.7|45.1|47.6|44.9|44.5|44.2|49.3|46.1|47.4|45.6,46.00909090909091
www.twitter.com,05-11-2020,03:32:01,44.7|49.5|45.6|47.6|50.4|51.1|49.0|44.1|48.3|44.1|50.0,47.67272727272728
www.twitter.com,05-11-2020,08:32:01,57.2|53.1|52.0|112.0|56.7|53.1|52.7|54.6|54.2|106.0|58.0,64.50909090909092
www.twitter.com,05-11-2020,08:32:01,55.6|59.8|62.6|51.6|60.5|53.3|57.4|55.9|61.7|51.7|51.1,56.47272727272729
www.twitter.com,05-12-2020,03:32:01,55.8|56.1|55.8|52.5|54.2|51.5|66.7|53.1|51.6|55.5|52.3,55.0090909090909
www.twitter.com,05-12-2020,03:32:01,51.4|59.4|51.5|52.0|59.3|53.6|51.7|52.0|51.7|54.0|56.9,53.95454545454545
www.twitter.com,05-12-2020,08:32:01,54.0|54.0|62.8|55.8|57.8|54.5|57.0|53.3|52.3|52.8|55.6,55.445454545454545
www.twitter.com,05-12-2020,08:32:01,55.7|57.0|57.6|52.5|58.1|55.2|54.6|72.4|56.4|54.0|59.8,57.57272727272727
www.twitter.com,05-13-2020,03:32:01,52.4|53.3|48.8|48.3|53.6|49.8|46.6|44.3|45.4|47.0|48.6,48.91818181818182
www.twitter.com,05-13-2020,03:32:01,45.9|47.9|48.1|48.2|47.7|46.7|45.6|106.0|47.7|60.2|53.7,54.33636363636364
www.twitter.com,05-13-2020,08:32:01,52.7|55.8|51.6|51.7|63.0|54.5|53.5|51.9|60.1|53.6|55.0,54.854545454545466
www.twitter.com,05-13-2020,08:32:01,53.3|59.6|52.0|53.2|52.7|54.2|52.7|55.1|59.3|54.6|53.9,54.6
www.twitter.com,05-14-2020,03:32:01,52.3|52.0|52.5|51.7|87.0|52.2|52.2|52.4|52.1|52.1|53.6,55.46363636363637
www.twitter.com,05-14-2020,03:32:01,58.2|50.9|53.5|76.8|53.3|53.3|51.5|54.9|61.2|52.6|53.8,56.36363636363637
www.twitter.com,05-14-2020,08:32:01,73.3|91.6|77.7|56.3|48.7|51.8|46.8|46.3|46.5|85.2|83.9,64.37272727272727
www.twitter.com,05-14-2020,08:32:01,83.1|45.5|46.3|47.5|46.6|45.3|45.8|94.1|75.6|85.8|90.0,64.14545454545454
www.twitter.com,05-15-2020,03:32:01,45.9|47.7|49.6|87.9|81.9|82.2|49.9|48.6|49.5|45.0|50.1,58.02727272727273
www.twitter.com,05-15-2020,03:32:01,51.9|89.9|101.0|86.4|78.9|47.8|45.5|49.1|55.3|47.1|47.1,63.63636363636363
www.twitter.com,05-15-2020,08:32:01,49.2|53.6|50.4|45.5|46.5|51.7|46.6|51.4|47.1|45.7|47.6,48.66363636363636
www.twitter.com,05-15-2020,08:32:01,50.1|49.1|51.2|46.7|47.5|63.0|52.0|47.1|45.1|63.4|47.7,51.17272727272728
www.twitter.com,05-17-2020,03:32:01,47.0|55.3|49.1|51.9|46.8|47.2|44.9|54.9|51.4|61.7|75.4,53.23636363636364
www.twitter.com,05-17-2020,03:32:01,56.2|57.1|57.5|47.4|47.8|46.6|46.8|48.0|47.3|50.3|45.8,50.07272727272727
www.twitter.com,05-17-2020,08:32:01,53.2|62.2|50.6|52.5|53.2|52.7|51.3|52.5|53.7|59.1|51.4,53.85454545454545
www.twitter.com,05-17-2020,08:32:01,50.8|62.9|51.1|52.5|62.1|52.2|52.1|50.5|50.7|54.7|51.1,53.7
www.twitter.com,05-18-2020,03:32:01,56.1|64.5|55.2|55.8|54.0|53.2|55.5|65.6|52.7|56.7|53.4,56.60909090909092
www.twitter.com,05-18-2020,03:32:01,52.8|53.0|59.1|79.8|51.9|53.8|54.1|52.2|61.2|55.5|52.2,56.872727272727275
www.twitter.com,05-18-2020,08:32:01,52.4|67.7|49.9|49.2|46.9|47.6|57.0|64.6|49.5|49.1|51.0,53.17272727272727
www.twitter.com,05-18-2020,08:32:01,48.1|50.4|55.1|50.6|47.8|49.4|48.8|47.3|57.1|52.8|56.3,51.24545454545455
www.twitter.com,05-19-2020,03:32:02,44.3|47.4|48.9|47.0|53.2|46.3|46.8|45.1|45.3|79.8|47.2,50.118181818181824
www.twitter.com,05-19-2020,03:32:02,46.1|44.8|47.4|52.9|46.7|45.0|45.4|46.6|47.6|45.0|46.1,46.690909090909095
www.twitter.com,05-19-2020,08:32:01,56.0|54.3|53.2|54.7|55.3|52.7|53.4|52.8|53.8|53.0|51.5,53.7
www.twitter.com,05-19-2020,08:32:01,52.3|54.2|53.8|54.4|63.8|53.6|61.0|53.9|61.5|53.7|57.4,56.32727272727273
www.twitter.com,05-20-2020,03:32:01,45.8|46.8|45.3|45.7|44.9|51.9|45.8|45.0|48.3|46.3|44.6,46.400000000000006
www.twitter.com,05-20-2020,03:32:01,47.0|48.8|46.5|47.9|44.4|46.5|49.1|46.1|44.7|49.9|44.3,46.83636363636363
www.twitter.com,05-20-2020,08:32:01,47.0|48.3|47.7|49.0|53.8|55.6|45.5|46.8|49.0|45.5|47.2,48.67272727272727
www.twitter.com,05-20-2020,08:32:01,48.5|49.9|46.4|46.7|46.0|47.0|54.1|53.3|49.6|53.1|48.2,49.34545454545455
www.twitter.com,05-26-2020,03:32:01,57.2|53.1|54.9|62.5|52.1|62.6|55.5|51.7|60.6|51.8|55.1,56.1
www.twitter.com,05-26-2020,03:32:01,52.7|64.5|63.3|51.5|53.7|56.9|52.1|53.0|53.0|54.7|53.9,55.39090909090908
www.twitter.com,05-26-2020,08:32:01,54.2|53.1|52.9|54.4|53.7|51.0|54.5|52.3|53.2|58.0|58.7,54.18181818181818
www.twitter.com,05-26-2020,08:32:01,52.4|57.1|51.5|61.4|61.1|53.4|51.3|68.1|53.3|53.5|55.6,56.24545454545454
www.twitter.com,05-22-2020,03:32:01,51.4|52.5|51.9|54.3|53.5|53.8|53.4|54.7|55.6|52.8|59.4,53.93636363636363
www.twitter.com,05-22-2020,03:32:01,52.5|53.9|104.0|53.4|53.2|57.3|52.4|53.0|53.7|60.9|53.7,58.90909090909092
www.twitter.com,05-22-2020,08:32:01,53.3|56.3|59.5|52.2|58.6|59.1|53.3|52.5|54.4|52.5|50.7,54.76363636363637
www.twitter.com,05-22-2020,08:32:01,54.2|51.6|54.9|55.6|55.9|54.0|51.6|55.1|52.1|50.8|52.7,53.50000000000001
www.twitter.com,05-23-2020,03:32:01,45.6|48.4|52.8|46.6|45.6|44.6|45.3|60.2|44.6|44.6|45.9,47.654545454545456
www.twitter.com,05-23-2020,03:32:01,47.0|47.1|49.0|49.2|53.0|45.5|48.9|47.9|46.2|49.7|46.2,48.154545454545456
www.twitter.com,05-23-2020,08:32:01,53.1|49.5|48.0|53.4|49.2|53.4|49.9|57.8|53.3|51.4|52.1,51.91818181818182
www.twitter.com,05-23-2020,08:32:01,53.0|50.0|50.3|48.6|47.5|61.6|51.8|52.4|48.5|51.1|49.7,51.31818181818182
www.twitter.com,05-24-2020,03:32:01,52.8|51.8|51.9|52.2|52.3|63.1|52.4|59.8|51.5|51.6|52.2,53.78181818181818
www.twitter.com,05-24-2020,03:32:01,52.1|52.1|56.8|54.1|55.6|54.1|56.7|52.6|51.3|51.5|51.9,53.52727272727273
www.twitter.com,05-24-2020,08:32:01,46.6|45.5|48.4|47.1|45.5|48.3|52.6|46.0|46.5|45.4|44.4,46.93636363636363
www.twitter.com,05-24-2020,08:32:01,45.8|47.0|44.8|50.2|45.7|47.3|47.7|46.8|45.8|52.7|49.3,47.554545454545455
www.twitter.com,05-25-2020,03:32:01,56.9|52.4|55.1|54.2|56.0|52.0|62.5|51.1|52.1|54.7|53.3,54.57272727272728
www.twitter.com,05-25-2020,03:32:01,54.7|59.8|53.5|62.2|52.4|56.5|57.6|52.3|53.7|52.7|53.3,55.33636363636363
www.twitter.com,05-25-2020,08:32:01,55.0|51.4|52.5|56.5|56.3|52.2|59.3|51.3|51.3|52.0|51.7,53.59090909090909
www.twitter.com,05-25-2020,08:32:01,58.9|54.3|54.9|54.4|53.4|53.6|52.2|54.7|54.5|57.3|58.0,55.1090909090909
