www.etsy.com,05-11-2020,03:32:01,27.4|23.6|25.1|29.9|28.1|29.0|30.0|26.5|25.3|31.3|24.5,27.336363636363636
www.etsy.com,05-11-2020,03:32:01,31.7|25.8|25.0|24.7|30.7|24.5|46.3|26.8|23.5|26.3|28.9,28.563636363636363
www.etsy.com,05-11-2020,08:32:01,26.0|27.9|33.4|26.6|28.2|23.6|25.9|24.4|26.5|25.9|30.6,27.181818181818183
www.etsy.com,05-11-2020,08:32:01,40.4|27.9|26.9|28.1|33.7|27.6|25.1|25.3|25.7|26.9|30.9,28.95454545454545
www.etsy.com,05-12-2020,03:32:01,28.9|51.4|28.9|27.9|25.4|24.3|23.9|24.2|25.0|26.2|25.3,28.30909090909091
www.etsy.com,05-12-2020,03:32:01,26.0|25.1|25.0|32.8|25.6|25.3|25.9|26.5|25.4|25.4|31.8,26.8
www.etsy.com,05-12-2020,08:32:01,39.2|25.9|32.2|35.0|31.6|25.3|31.4|30.7|27.3|27.9|24.9,30.127272727272725
www.etsy.com,05-12-2020,08:32:01,32.9|25.5|29.4|31.9|26.0|27.4|32.9|30.6|29.6|28.8|28.4,29.4
www.etsy.com,05-13-2020,03:32:01,24.6|26.8|26.2|31.4|26.1|26.3|26.4|29.0|26.0|52.0|25.2,29.09090909090909
www.etsy.com,05-13-2020,03:32:01,25.9|27.0|27.4|25.6|25.8|27.4|25.6|24.5|29.3|28.8|26.3,26.69090909090909
www.etsy.com,05-13-2020,08:32:01,40.7|29.4|25.3|33.6|31.3|27.0|27.3|25.0|25.1|34.2|26.1,29.545454545454547
www.etsy.com,05-13-2020,08:32:01,24.4|25.3|34.5|29.8|30.8|24.8|27.2|25.9|25.5|25.4|24.8,27.127272727272725
www.etsy.com,05-14-2020,03:32:01,37.4|27.3|24.7|25.3|31.7|25.6|29.1|25.1|25.4|26.5|45.3,29.400000000000002
www.etsy.com,05-14-2020,03:32:01,25.0|27.5|26.0|25.3|24.9|24.7|26.9|25.5|24.1|41.5|25.6,27.0
www.etsy.com,05-14-2020,08:32:01,30.4|24.8|26.5|33.2|36.6|67.1|71.5|60.7|29.5|32.6|26.1,39.90909090909091
www.etsy.com,05-14-2020,08:32:01,25.3|27.8|33.3|84.6|68.6|65.4|65.8|30.2|24.6|26.9|27.1,43.6
www.etsy.com,05-15-2020,03:32:01,60.4|28.8|26.9|26.4|26.8|25.3|25.3|25.4|81.7|57.0|24.0,37.09090909090909
www.etsy.com,05-15-2020,03:32:01,26.0|23.7|44.6|27.1|24.5|27.1|26.5|58.4|69.1|26.8|25.5,34.481818181818184
www.etsy.com,05-15-2020,08:32:01,24.9|26.2|25.8|30.3|28.1|24.5|33.4|32.2|29.7|26.2|24.8,27.827272727272724
www.etsy.com,05-15-2020,08:32:01,25.7|26.1|28.5|28.8|27.6|25.5|24.7|26.4|26.4|25.2|33.8,27.154545454545453
www.etsy.com,05-17-2020,03:32:01,29.8|26.0|28.3|34.5|28.0|28.0|26.0|35.7|32.0|26.9|27.0,29.29090909090909
www.etsy.com,05-17-2020,03:32:01,24.8|30.2|29.6|27.1|26.2|27.0|35.9|25.9|25.9|26.6|25.0,27.654545454545453
www.etsy.com,05-17-2020,08:32:01,30.9|25.7|25.0|25.1|25.5|27.0|27.1|25.5|25.6|25.3|26.3,26.272727272727273
www.etsy.com,05-17-2020,08:32:01,26.0|28.7|24.0|24.7|27.4|26.1|31.3|33.3|26.0|25.2|24.7,27.036363636363635
www.etsy.com,05-18-2020,03:32:01,25.8|27.7|29.0|25.5|27.1|27.0|27.0|32.3|34.5|29.2|25.0,28.19090909090909
www.etsy.com,05-18-2020,03:32:01,28.8|26.2|27.5|27.8|26.0|27.8|26.2|29.2|26.2|32.4|25.3,27.58181818181818
www.etsy.com,05-18-2020,08:32:01,27.1|34.6|30.7|28.5|26.9|29.3|26.9|26.9|27.0|32.0|28.2,28.918181818181814
www.etsy.com,05-18-2020,08:32:01,27.4|31.8|28.8|29.2|30.7|44.9|28.9|27.8|32.0|27.6|29.7,30.8
www.etsy.com,05-19-2020,03:32:02,25.6|33.1|29.0|25.5|28.1|24.0|28.9|26.3|25.3|26.7|35.0,27.954545454545453
www.etsy.com,05-19-2020,03:32:02,26.2|24.2|28.1|27.2|26.0|25.5|26.8|25.0|25.4|27.4|26.5,26.20909090909091
www.etsy.com,05-19-2020,08:32:01,31.6|29.4|32.2|31.2|29.2|31.1|23.8|34.1|26.9|26.9|25.9,29.299999999999997
www.etsy.com,05-19-2020,08:32:01,35.5|29.6|25.0|31.4|28.7|26.6|27.0|27.2|33.6|26.9|28.5,29.09090909090909
www.etsy.com,05-20-2020,03:32:01,27.6|25.0|24.3|24.4|26.9|26.3|33.4|24.4|24.1|26.0|24.0,26.036363636363635
www.etsy.com,05-20-2020,03:32:01,28.8|24.5|25.5|24.3|25.4|27.0|31.3|25.7|24.4|31.4|24.5,26.61818181818182
www.etsy.com,05-20-2020,08:32:01,26.9|30.6|27.5|26.2|37.1|26.7|33.3|27.0|24.6|26.0|27.4,28.481818181818184
www.etsy.com,05-20-2020,08:32:01,24.1|26.2|26.3|24.4|25.4|25.0|45.4|24.7|25.6|24.7|27.3,27.19090909090909
www.etsy.com,05-26-2020,03:32:01,32.0|26.9|26.1|27.1|26.4|25.6|29.0|25.7|25.6|29.0|26.5,27.263636363636362
www.etsy.com,05-26-2020,03:32:01,25.4|27.6|28.9|27.7|27.1|25.2|33.8|37.1|25.6|25.1|26.7,28.200000000000003
www.etsy.com,05-26-2020,08:32:01,31.9|28.2|25.2|27.4|41.4|27.0|26.6|32.4|26.4|26.4|26.5,29.036363636363635
www.etsy.com,05-26-2020,08:32:01,28.0|27.5|29.8|29.1|30.3|25.2|26.6|25.1|51.9|32.2|28.8,30.40909090909091
www.etsy.com,05-22-2020,03:32:01,26.5|28.3|26.4|50.0|25.4|40.7|27.6|23.8|26.1|25.3|25.4,29.59090909090909
www.etsy.com,05-22-2020,03:32:01,24.5|28.3|24.6|24.5|26.3|28.6|25.5|24.8|26.3|28.7|31.0,26.645454545454548
www.etsy.com,05-22-2020,08:32:01,29.7|27.3|27.5|25.1|25.4|26.1|26.1|27.7|25.0|27.4|31.9,27.199999999999992
www.etsy.com,05-22-2020,08:32:01,34.2|25.3|30.7|27.5|24.3|24.1|25.6|25.2|26.0|34.2|31.9,28.09090909090909
www.etsy.com,05-23-2020,03:32:01,26.1|25.7|25.9|29.8|30.3|25.0|26.3|27.1|34.5|26.4|25.2,27.481818181818177
www.etsy.com,05-23-2020,03:32:01,26.0|27.2|25.9|24.4|24.9|26.4|28.0|37.5|25.5|25.8|24.5,26.91818181818182
www.etsy.com,05-23-2020,08:32:01,24.5|26.4|25.2|26.3|26.2|27.4|28.8|24.9|33.5|26.8|32.7,27.518181818181816
www.etsy.com,05-23-2020,08:32:01,24.3|23.9|29.3|26.8|25.9|25.1|25.5|26.7|25.8|28.6|27.5,26.309090909090912
www.etsy.com,05-24-2020,03:32:01,30.7|31.7|24.5|25.9|24.4|26.5|26.5|26.5|25.1|26.2|25.9,26.718181818181815
www.etsy.com,05-24-2020,03:32:01,25.1|26.1|25.4|24.8|25.6|25.0|27.5|24.6|25.9|41.4|24.6,26.909090909090914
www.etsy.com,05-24-2020,08:32:01,26.0|25.8|25.5|25.9|31.4|25.5|26.0|28.1|27.0|28.9|26.0,26.918181818181814
www.etsy.com,05-24-2020,08:32:01,29.6|26.3|27.3|28.8|28.4|26.1|28.1|26.8|24.8|25.7|23.9,26.89090909090909
www.etsy.com,05-25-2020,03:32:01,24.5|31.0|26.0|24.4|24.8|30.1|28.3|26.1|26.1|25.5|23.8,26.41818181818182
www.etsy.com,05-25-2020,03:32:01,25.9|24.9|24.3|26.6|24.8|34.1|28.3|24.8|27.1|28.8|25.0,26.781818181818178
www.etsy.com,05-25-2020,08:32:01,26.5|25.4|25.2|30.2|24.5|23.5|25.1|27.4|24.9|24.4|27.8,25.900000000000002
www.etsy.com,05-25-2020,08:32:01,35.2|27.7|28.4|27.5|24.9|26.0|26.4|25.6|29.1|25.6|25.9,27.481818181818184
