www.orange.fr,05-11-2020,03:32:01,135.0|136.0|135.0|135.0|135.0|143.0|139.0|144.0|135.0|138.0|139.0,137.63636363636363
www.orange.fr,05-11-2020,03:32:01,136.0|139.0|136.0|136.0|140.0|139.0|134.0|136.0|139.0|135.0|136.0,136.9090909090909
www.orange.fr,05-11-2020,08:32:01,136.0|135.0|137.0|224.0|136.0|145.0|135.0|140.0|134.0|137.0|138.0,145.1818181818182
www.orange.fr,05-11-2020,08:32:01,135.0|136.0|143.0|137.0|136.0|151.0|134.0|138.0|139.0|135.0|138.0,138.36363636363637
www.orange.fr,05-12-2020,03:32:01,135.0|139.0|135.0|134.0|136.0|139.0|134.0|136.0|135.0|142.0|139.0,136.72727272727272
www.orange.fr,05-12-2020,03:32:01,134.0|141.0|135.0|135.0|145.0|135.0|136.0|135.0|138.0|137.0|139.0,137.27272727272728
www.orange.fr,05-12-2020,08:32:01,139.0|148.0|141.0|138.0|139.0|140.0|136.0|138.0|138.0|138.0|142.0,139.72727272727272
www.orange.fr,05-12-2020,08:32:01,138.0|137.0|137.0|140.0|136.0|142.0|137.0|138.0|137.0|143.0|141.0,138.72727272727272
www.orange.fr,05-13-2020,03:32:01,144.0|137.0|137.0|139.0|139.0|139.0|134.0|135.0|139.0|135.0|138.0,137.8181818181818
www.orange.fr,05-13-2020,03:32:01,135.0|140.0|139.0|138.0|138.0|136.0|140.0|140.0|138.0|139.0|137.0,138.1818181818182
www.orange.fr,05-13-2020,08:32:01,136.0|139.0|137.0|137.0|134.0|138.0|144.0|139.0|135.0|137.0|141.0,137.9090909090909
www.orange.fr,05-13-2020,08:32:01,137.0|143.0|136.0|135.0|137.0|134.0|135.0|137.0|138.0|137.0|136.0,136.8181818181818
www.orange.fr,05-14-2020,03:32:01,139.0|138.0|139.0|138.0|141.0|144.0|138.0|137.0|137.0|163.0|135.0,140.8181818181818
www.orange.fr,05-14-2020,03:32:01,136.0|136.0|134.0|136.0|136.0|135.0|136.0|165.0|137.0|135.0|137.0,138.45454545454547
www.orange.fr,05-14-2020,08:32:01,142.0|135.0|142.0|182.0|167.0|144.0|167.0|168.0|140.0|138.0|135.0,150.9090909090909
www.orange.fr,05-14-2020,08:32:01,136.0|160.0|166.0|170.0|137.0|138.0|137.0|135.0|146.0|136.0|136.0,145.1818181818182
www.orange.fr,05-15-2020,03:32:01,176.0|171.0|138.0|139.0|140.0|140.0|135.0|138.0|176.0|176.0|138.0,151.54545454545453
www.orange.fr,05-15-2020,03:32:01,138.0|147.0|141.0|137.0|134.0|162.0|139.0|190.0|137.0|140.0|139.0,145.8181818181818
www.orange.fr,05-15-2020,08:32:01,136.0|142.0|138.0|135.0|142.0|142.0|165.0|138.0|138.0|140.0|140.0,141.45454545454547
www.orange.fr,05-15-2020,08:32:01,166.0|180.0|187.0|165.0|182.0|196.0|191.0|257.0|185.0|185.0|188.0,189.27272727272728
www.orange.fr,05-17-2020,03:32:01,174.0|136.0|135.0|145.0|135.0|137.0|144.0|135.0|139.0|134.0|137.0,141.0
www.orange.fr,05-17-2020,03:32:01,136.0|135.0|134.0|136.0|134.0|136.0|137.0|139.0|134.0|136.0|135.0,135.63636363636363
www.orange.fr,05-17-2020,08:32:01,139.0|135.0|138.0|135.0|135.0|136.0|135.0|136.0|135.0|136.0|134.0,135.8181818181818
www.orange.fr,05-17-2020,08:32:01,139.0|136.0|135.0|138.0|136.0|137.0|135.0|139.0|136.0|137.0|136.0,136.72727272727272
www.orange.fr,05-18-2020,03:32:01,139.0|143.0|138.0|138.0|137.0|137.0|141.0|140.0|139.0|138.0|137.0,138.8181818181818
www.orange.fr,05-18-2020,03:32:01,146.0|138.0|137.0|143.0|137.0|137.0|138.0|137.0|139.0|138.0|139.0,139.0
www.orange.fr,05-18-2020,08:32:01,144.0|161.0|147.0|146.0|141.0|138.0|143.0|139.0|138.0|139.0|142.0,143.45454545454547
www.orange.fr,05-18-2020,08:32:01,150.0|145.0|138.0|139.0|139.0|138.0|140.0|138.0|140.0|146.0|140.0,141.1818181818182
www.orange.fr,05-19-2020,03:32:02,136.0|137.0|136.0|135.0|136.0|138.0|135.0|138.0|149.0|135.0|138.0,137.54545454545453
www.orange.fr,05-19-2020,03:32:02,139.0|138.0|137.0|136.0|136.0|139.0|138.0|136.0|136.0|145.0|140.0,138.1818181818182
www.orange.fr,05-19-2020,08:32:01,137.0|140.0|138.0|186.0|152.0|141.0|141.0|147.0|149.0|146.0|136.0,146.63636363636363
www.orange.fr,05-19-2020,08:32:01,137.0|138.0|141.0|136.0|136.0|136.0|135.0|156.0|139.0|138.0|138.0,139.0909090909091
www.orange.fr,05-20-2020,03:32:01,153.0|155.0|151.0|152.0|154.0|151.0|155.0|155.0|152.0|155.0|153.0,153.27272727272728
www.orange.fr,05-20-2020,03:32:01,155.0|154.0|154.0|157.0|159.0|152.0|150.0|155.0|152.0|152.0|157.0,154.27272727272728
www.orange.fr,05-20-2020,08:32:01,137.0|139.0|138.0|136.0|143.0|145.0|141.0|136.0|138.0|146.0|136.0,139.54545454545453
www.orange.fr,05-20-2020,08:32:01,137.0|141.0|139.0|138.0|142.0|136.0|146.0|141.0|142.0|137.0|141.0,140.0
www.orange.fr,05-26-2020,03:32:01,143.0|136.0|138.0|137.0|138.0|140.0|142.0|140.0|138.0|148.0|139.0,139.9090909090909
www.orange.fr,05-26-2020,03:32:01,137.0|141.0|138.0|141.0|138.0|137.0|138.0|137.0|141.0|139.0|139.0,138.72727272727272
www.orange.fr,05-26-2020,08:32:01,139.0|141.0|135.0|138.0|136.0|138.0|138.0|136.0|135.0|135.0|145.0,137.8181818181818
www.orange.fr,05-26-2020,08:32:01,135.0|137.0|137.0|136.0|135.0|134.0|136.0|139.0|144.0|143.0|139.0,137.72727272727272
www.orange.fr,05-22-2020,03:32:01,135.0|135.0|138.0|137.0|139.0|136.0|136.0|141.0|134.0|135.0|135.0,136.45454545454547
www.orange.fr,05-22-2020,03:32:01,136.0|135.0|135.0|137.0|135.0|134.0|143.0|137.0|135.0|135.0|139.0,136.45454545454547
www.orange.fr,05-22-2020,08:32:01,136.0|134.0|134.0|140.0|143.0|143.0|137.0|137.0|135.0|134.0|137.0,137.27272727272728
www.orange.fr,05-22-2020,08:32:01,136.0|134.0|135.0|143.0|142.0|147.0|135.0|134.0|135.0|135.0|139.0,137.72727272727272
www.orange.fr,05-23-2020,03:32:01,136.0|136.0|137.0|136.0|134.0|135.0|138.0|135.0|138.0|137.0|138.0,136.36363636363637
www.orange.fr,05-23-2020,03:32:01,135.0|134.0|135.0|136.0|137.0|135.0|142.0|137.0|139.0|134.0|137.0,136.45454545454547
www.orange.fr,05-23-2020,08:32:01,140.0|141.0|137.0|145.0|143.0|141.0|138.0|139.0|148.0|138.0|145.0,141.36363636363637
www.orange.fr,05-23-2020,08:32:01,143.0|145.0|151.0|139.0|142.0|140.0|140.0|138.0|139.0|139.0|140.0,141.45454545454547
www.orange.fr,05-24-2020,03:32:01,134.0|136.0|135.0|136.0|143.0|136.0|135.0|137.0|149.0|136.0|142.0,138.0909090909091
www.orange.fr,05-24-2020,03:32:01,135.0|136.0|144.0|136.0|135.0|134.0|141.0|134.0|139.0|136.0|136.0,136.9090909090909
www.orange.fr,05-24-2020,08:32:01,135.0|138.0|135.0|136.0|137.0|137.0|135.0|140.0|135.0|135.0|136.0,136.27272727272728
www.orange.fr,05-24-2020,08:32:01,141.0|137.0|142.0|136.0|135.0|135.0|138.0|138.0|138.0|140.0|135.0,137.72727272727272
www.orange.fr,05-25-2020,03:32:01,135.0|136.0|135.0|135.0|136.0|136.0|135.0|135.0|134.0|138.0|134.0,135.36363636363637
www.orange.fr,05-25-2020,03:32:01,138.0|137.0|140.0|137.0|136.0|136.0|134.0|138.0|144.0|137.0|135.0,137.45454545454547
www.orange.fr,05-25-2020,08:32:01,145.0|137.0|142.0|140.0|138.0|139.0|136.0|135.0|138.0|137.0|136.0,138.45454545454547
www.orange.fr,05-25-2020,08:32:01,136.0|136.0|146.0|135.0|139.0|136.0|136.0|135.0|136.0|134.0|136.0,136.8181818181818
