www.facebook.com,05-11-2020,03:32:01,25.5|26.6|24.6|25.4|23.5|28.7|34.7|33.1|25.5|29.0|28.0,27.69090909090909
www.facebook.com,05-11-2020,03:32:01,25.5|27.1|33.2|26.3|25.4|26.3|27.2|29.1|24.3|29.1|29.6,27.55454545454546
www.facebook.com,05-11-2020,08:32:01,26.2|29.0|70.8|34.0|33.1|28.6|27.4|26.4|31.8|33.3|27.6,33.472727272727276
www.facebook.com,05-11-2020,08:32:01,31.3|26.1|29.6|30.1|28.9|33.3|27.5|30.0|32.5|29.8|31.1,30.018181818181823
www.facebook.com,05-12-2020,03:32:01,27.1|32.7|29.9|25.4|29.0|26.0|27.2|27.0|28.4|24.3|25.6,27.50909090909091
www.facebook.com,05-12-2020,03:32:01,25.2|28.8|23.5|29.1|26.1|27.8|30.3|81.9|24.0|25.1|25.2,31.54545454545455
www.facebook.com,05-12-2020,08:32:01,30.4|27.1|27.5|37.5|29.7|27.9|27.8|26.4|27.6|26.3|26.2,28.581818181818186
www.facebook.com,05-12-2020,08:32:01,44.4|26.4|27.7|29.1|33.1|29.1|26.2|27.8|24.8|28.1|28.4,29.55454545454546
www.facebook.com,05-13-2020,03:32:01,25.3|25.6|24.7|28.6|23.3|27.4|26.1|41.1|24.1|27.2|25.7,27.19090909090909
www.facebook.com,05-13-2020,03:32:01,26.3|40.0|29.9|26.4|24.7|28.9|25.7|26.5|27.8|28.1|25.0,28.11818181818182
www.facebook.com,05-13-2020,08:32:01,28.8|27.1|24.7|26.6|30.7|25.1|26.2|31.3|28.9|34.9|36.3,29.145454545454548
www.facebook.com,05-13-2020,08:32:01,26.8|33.6|26.6|26.3|35.6|28.2|24.9|30.9|29.0|36.0|29.9,29.799999999999997
www.facebook.com,05-14-2020,03:32:01,24.4|24.7|25.9|24.9|27.6|32.4|29.7|35.1|28.1|27.9|25.1,27.8
www.facebook.com,05-14-2020,03:32:01,24.6|24.6|30.6|30.2|25.0|25.0|31.2|28.9|25.3|25.7|25.2,26.936363636363637
www.facebook.com,05-14-2020,08:32:01,29.3|26.5|60.5|47.1|60.4|55.2|48.3|27.4|24.7|25.6|29.8,39.527272727272724
www.facebook.com,05-14-2020,08:32:01,28.1|67.7|51.8|66.6|62.8|26.0|26.6|29.4|29.9|27.7|40.8,41.58181818181818
www.facebook.com,05-15-2020,03:32:01,25.9|26.1|23.7|34.0|37.4|34.9|71.1|28.3|28.3|30.5|26.1,33.300000000000004
www.facebook.com,05-15-2020,03:32:01,29.3|27.6|28.0|28.0|25.0|74.9|59.0|25.7|24.4|25.4|29.2,34.22727272727272
www.facebook.com,05-15-2020,08:32:01,24.8|33.9|37.3|26.7|25.4|24.3|92.4|27.5|26.2|31.4|25.6,34.13636363636363
www.facebook.com,05-15-2020,08:32:01,34.7|26.3|27.3|24.7|30.4|24.6|24.2|32.7|26.9|30.8|32.7,28.663636363636364
www.facebook.com,05-17-2020,03:32:01,25.8|27.2|27.1|26.2|45.5|25.9|34.9|32.5|32.3|26.6|26.6,30.054545454545462
www.facebook.com,05-17-2020,03:32:01,26.7|28.2|30.3|28.2|26.2|34.7|27.2|24.8|27.8|26.4|28.2,28.063636363636363
www.facebook.com,05-17-2020,08:32:01,25.0|29.2|24.2|24.6|25.1|27.6|29.3|25.5|25.7|23.7|26.3,26.018181818181816
www.facebook.com,05-17-2020,08:32:01,26.3|24.9|25.5|24.5|27.0|24.8|29.4|33.7|26.0|24.1|27.0,26.65454545454546
www.facebook.com,05-18-2020,03:32:01,27.3|26.5|27.3|26.7|31.0|25.6|25.9|28.6|26.7|30.1|33.3,28.09090909090909
www.facebook.com,05-18-2020,03:32:01,26.8|24.2|27.4|27.8|26.3|27.7|24.9|26.2|28.6|25.5|28.0,26.672727272727272
www.facebook.com,05-18-2020,08:32:01,28.6|28.5|29.9|26.3|33.8|34.4|27.2|30.8|28.6|40.6|26.7,30.490909090909096
www.facebook.com,05-18-2020,08:32:01,28.4|38.3|36.5|34.4|29.2|34.7|27.5|29.3|29.1|29.0|28.9,31.39090909090909
www.facebook.com,05-19-2020,03:32:02,26.5|25.2|24.7|24.8|27.1|26.9|27.3|26.9|39.3|34.7|30.4,28.527272727272724
www.facebook.com,05-19-2020,03:32:02,37.9|25.2|25.9|24.9|27.8|27.5|25.1|24.3|26.6|32.9|27.5,27.781818181818178
www.facebook.com,05-19-2020,08:32:01,31.4|28.9|31.5|33.0|35.0|32.8|29.1|28.9|28.0|26.2|34.3,30.827272727272728
www.facebook.com,05-19-2020,08:32:01,26.2|29.7|29.5|27.4|30.1|26.1|28.5|25.5|27.2|25.9|26.6,27.518181818181816
www.facebook.com,05-20-2020,03:32:01,25.4|26.1|25.4|24.3|27.1|28.5|26.1|31.4|30.2|31.8|28.7,27.727272727272727
www.facebook.com,05-20-2020,03:32:01,25.3|25.3|25.5|24.2|28.7|26.7|25.2|23.9|31.7|26.6|24.4,26.136363636363637
www.facebook.com,05-20-2020,08:32:01,26.8|26.5|28.9|24.4|34.6|26.7|27.4|23.9|27.2|26.1|25.4,27.08181818181818
www.facebook.com,05-20-2020,08:32:01,25.4|25.7|30.0|29.7|29.0|25.6|29.1|27.0|24.8|26.2|31.3,27.61818181818182
www.facebook.com,05-26-2020,03:32:01,29.0|26.0|30.1|29.4|30.1|27.5|28.2|26.1|24.2|26.2|25.1,27.44545454545455
www.facebook.com,05-26-2020,03:32:01,29.5|27.8|31.3|30.1|27.4|28.4|33.2|32.9|35.9|26.7|35.6,30.8
www.facebook.com,05-26-2020,08:32:01,28.2|32.5|27.3|29.7|27.8|30.6|25.6|28.0|28.3|30.8|28.8,28.872727272727275
www.facebook.com,05-26-2020,08:32:01,30.1|24.9|25.5|25.3|30.8|25.6|29.3|33.5|26.5|33.0|25.0,28.136363636363637
www.facebook.com,05-22-2020,03:32:01,24.5|23.9|25.7|27.7|27.5|26.2|26.4|27.3|26.1|33.1|25.5,26.718181818181815
www.facebook.com,05-22-2020,03:32:01,28.3|26.6|25.8|29.0|27.2|34.5|24.9|24.7|25.7|23.6|24.6,26.809090909090912
www.facebook.com,05-22-2020,08:32:01,24.5|24.6|27.5|36.2|29.8|30.0|29.2|27.4|30.6|24.7|28.3,28.436363636363637
www.facebook.com,05-22-2020,08:32:01,26.7|29.2|26.6|28.6|31.0|40.6|26.7|30.5|30.2|26.1|33.5,29.972727272727276
www.facebook.com,05-23-2020,03:32:01,25.1|25.1|28.2|24.7|31.2|24.2|32.6|24.6|26.3|24.2|30.1,26.936363636363637
www.facebook.com,05-23-2020,03:32:01,25.0|24.9|30.5|29.2|30.9|25.4|24.8|31.4|25.0|25.5|24.3,26.990909090909096
www.facebook.com,05-23-2020,08:32:01,33.0|27.6|27.3|27.9|25.5|30.9|24.9|26.7|25.0|29.4|25.8,27.636363636363637
www.facebook.com,05-23-2020,08:32:01,30.4|25.6|27.7|25.9|28.3|33.7|25.9|30.0|27.7|29.6|34.9,29.063636363636363
www.facebook.com,05-24-2020,03:32:01,26.5|24.9|26.3|27.4|23.8|24.9|28.8|25.7|25.2|32.2|38.7,27.672727272727272
www.facebook.com,05-24-2020,03:32:01,25.7|32.6|26.6|27.0|26.2|24.1|27.0|26.8|26.8|26.4|25.9,26.827272727272724
www.facebook.com,05-24-2020,08:32:01,28.4|26.6|28.1|26.4|25.8|26.9|30.9|25.4|28.7|29.4|28.1,27.7
www.facebook.com,05-24-2020,08:32:01,25.7|29.6|26.7|34.5|25.3|25.0|25.1|26.5|26.7|24.3|24.3,26.7
www.facebook.com,05-25-2020,03:32:01,25.4|24.2|25.0|24.7|24.2|31.3|25.6|25.8|24.8|30.8|24.1,25.990909090909096
www.facebook.com,05-25-2020,03:32:01,37.7|28.8|25.3|28.8|24.8|33.8|25.8|35.2|24.8|24.2|25.4,28.599999999999998
www.facebook.com,05-25-2020,08:32:01,24.7|25.7|28.6|33.9|24.3|25.8|30.8|27.7|27.1|26.8|27.1,27.5
www.facebook.com,05-25-2020,08:32:01,28.3|27.8|26.4|27.2|27.5|28.8|24.9|25.5|25.5|26.3|29.4,27.05454545454545
