www.amazon.com,05-11-2020,03:36:10,26.1|27.5|23.6|30.3|26.1|32.7|24.5|29.7|29.4|28.2|27.0,27.736363636363638
www.amazon.com,05-11-2020,03:36:10,78.3|24.3|24.9|28.5|27.3|38.3|27.2|27.2|25.3|26.7|26.9,32.26363636363636
www.amazon.com,05-11-2020,08:36:10,25.6|27.8|25.7|25.2|24.7|27.8|27.6|25.7|25.3|32.1|28.5,26.909090909090914
www.amazon.com,05-11-2020,08:36:10,35.3|31.0|24.2|42.8|26.4|30.3|26.1|28.3|27.6|27.6|33.4,30.272727272727277
www.amazon.com,05-12-2020,03:36:02,24.5|24.8|26.1|25.3|25.4|23.5|28.9|27.3|26.1|24.8|25.5,25.654545454545453
www.amazon.com,05-12-2020,03:36:02,27.2|23.3|25.4|23.8|26.0|29.4|26.7|122.0|26.1|25.9|25.3,34.64545454545455
www.amazon.com,05-12-2020,08:36:01,31.5|27.7|26.8|34.1|25.2|26.3|26.9|27.9|26.5|31.6|30.5,28.636363636363637
www.amazon.com,05-12-2020,08:36:01,26.2|27.8|32.1|31.5|27.2|33.2|27.1|28.8|27.9|26.8|32.3,29.172727272727276
www.amazon.com,05-13-2020,03:36:01,32.2|32.7|31.6|34.7|35.8|33.4|38.3|33.1|32.8|33.2|34.8,33.872727272727275
www.amazon.com,05-13-2020,03:36:01,33.2|33.2|34.0|33.9|34.3|34.5|50.6|32.9|34.2|33.0|31.6,35.03636363636364
www.amazon.com,05-13-2020,08:36:01,27.4|25.7|26.7|27.6|28.0|32.9|24.3|26.0|25.2|26.9|25.7,26.945454545454538
www.amazon.com,05-13-2020,08:36:01,27.3|34.8|27.7|36.7|25.1|26.0|26.1|26.3|31.1|30.6|24.6,28.75454545454546
www.amazon.com,05-14-2020,03:36:02,24.4|26.1|46.3|26.2|25.3|25.4|25.5|29.8|27.7|54.2|24.7,30.509090909090904
www.amazon.com,05-14-2020,03:36:02,24.8|26.1|31.1|25.1|28.9|72.1|27.5|26.7|25.7|25.1|26.6,30.881818181818186
www.amazon.com,05-14-2020,08:36:03,58.0|96.3|46.7|54.0|55.6|71.5|55.6|29.1|65.6|52.2|30.4,55.90909090909091
www.amazon.com,05-14-2020,08:36:03,54.8|38.7|33.0|35.1|35.1|36.3|34.4|34.2|36.8|39.8|34.8,37.545454545454554
www.amazon.com,05-15-2020,03:36:03,33.7|33.9|32.3|38.7|36.7|32.0|36.6|33.0|35.8|35.2|32.3,34.56363636363636
www.amazon.com,05-15-2020,03:36:03,35.6|34.5|42.2|41.1|34.8|36.3|32.2|34.5|33.1|32.4|36.8,35.77272727272728
www.amazon.com,05-15-2020,08:36:01,46.9|36.3|34.6|32.6|35.6|34.5|35.9|33.2|34.7|40.2|32.0,36.04545454545454
www.amazon.com,05-15-2020,08:36:01,111.0|34.9|33.2|34.6|41.4|34.9|197.0|36.0|35.9|34.8|40.6,57.66363636363636
www.amazon.com,05-17-2020,03:36:02,26.9|25.8|26.1|24.0|23.9|26.9|25.4|31.7|25.0|27.5|27.0,26.38181818181818
www.amazon.com,05-17-2020,03:36:02,26.2|36.0|24.2|26.2|25.7|26.4|24.8|26.3|25.4|29.0|25.7,26.9
www.amazon.com,05-17-2020,08:36:02,32.5|36.9|31.4|34.1|24.0|26.9|27.5|28.9|25.4|35.0|24.2,29.709090909090904
www.amazon.com,05-17-2020,08:36:02,25.5|26.1|31.8|28.3|27.0|26.3|26.4|27.5|25.3|26.2|32.6,27.545454545454547
www.amazon.com,05-18-2020,03:36:02,34.1|35.1|34.1|34.0|35.4|34.8|34.3|41.0|32.0|35.7|33.9,34.945454545454545
www.amazon.com,05-18-2020,03:36:02,34.3|33.6|35.7|34.3|33.9|33.2|34.1|35.5|34.5|33.0|37.9,34.54545454545455
www.amazon.com,05-18-2020,08:36:02,48.0|49.0|48.5|51.1|63.5|52.3|70.1|50.4|50.2|49.6|48.0,52.79090909090908
www.amazon.com,05-18-2020,08:36:02,49.4|50.4|50.9|65.9|50.3|55.9|50.1|51.3|51.7|50.4|48.4,52.24545454545455
www.amazon.com,05-19-2020,03:36:02,43.2|33.3|38.3|33.3|41.1|35.5|32.4|32.4|39.4|32.3|34.0,35.92727272727273
www.amazon.com,05-19-2020,03:36:02,34.3|35.3|33.5|35.8|35.2|32.7|37.2|35.4|32.9|33.6|32.3,34.38181818181818
www.amazon.com,05-19-2020,08:36:01,34.2|34.2|32.1|30.2|30.1|28.8|26.9|27.8|26.3|26.8|28.0,29.581818181818186
www.amazon.com,05-19-2020,08:36:01,26.5|26.1|28.3|85.9|26.9|28.3|27.4|26.6|129.0|26.8|27.7,41.77272727272727
www.amazon.com,05-20-2020,03:36:04,35.9|33.9|38.6|35.1|32.4|33.3|36.7|31.7|37.6|33.0|32.7,34.62727272727273
www.amazon.com,05-20-2020,03:36:04,33.1|33.0|33.5|31.7|33.2|32.7|33.7|31.5|34.1|32.8|33.2,32.95454545454546
www.amazon.com,05-20-2020,08:36:02,32.9|33.9|35.4|33.2|47.8|34.4|32.5|38.5|37.1|32.4|33.9,35.63636363636363
www.amazon.com,05-20-2020,08:36:02,34.8|78.7|36.8|36.2|33.1|32.0|43.5|60.1|32.8|32.1|33.3,41.21818181818182
www.amazon.com,05-26-2020,03:36:02,25.4|26.9|32.5|28.0|28.1|30.9|28.3|29.0|26.3|26.9|25.8,28.00909090909091
www.amazon.com,05-26-2020,03:36:02,25.6|27.1|25.1|35.2|27.1|25.5|26.3|27.6|27.3|29.6|26.7,27.55454545454546
www.amazon.com,05-26-2020,08:36:02,39.0|28.3|28.5|27.0|27.8|36.5|30.7|25.9|29.6|26.4|33.8,30.318181818181817
www.amazon.com,05-26-2020,08:36:02,26.6|27.0|26.2|27.0|48.9|26.5|27.3|28.5|30.3|28.3|41.3,30.718181818181822
www.amazon.com,05-22-2020,03:36:01,25.2|29.2|25.2|25.3|24.2|25.6|28.6|25.4|27.3|25.6|26.4,26.181818181818183
www.amazon.com,05-22-2020,03:36:01,26.2|25.6|24.8|37.2|24.4|26.6|25.3|25.5|26.4|27.6|25.0,26.781818181818185
www.amazon.com,05-22-2020,08:36:02,34.8|40.1|34.5|41.5|37.2|38.7|36.3|42.2|34.0|41.8|33.3,37.67272727272728
www.amazon.com,05-22-2020,08:36:02,41.6|36.7|40.8|32.8|38.5|33.4|34.6|33.2|38.7|33.2|40.3,36.70909090909091
www.amazon.com,05-23-2020,03:36:01,24.8|25.5|25.1|24.6|28.6|25.1|25.5|24.6|27.1|25.4|26.3,25.69090909090909
www.amazon.com,05-23-2020,03:36:01,32.3|25.1|25.3|27.2|27.3|25.7|25.2|40.4|25.9|24.0|28.4,27.890909090909087
www.amazon.com,05-23-2020,08:36:01,33.6|34.0|31.5|34.3|35.0|30.6|38.6|28.9|29.0|36.1|37.7,33.57272727272727
www.amazon.com,05-23-2020,08:36:01,47.2|30.7|28.3|31.4|30.1|33.5|34.1|40.0|30.5|38.0|32.8,34.23636363636364
www.amazon.com,05-24-2020,03:36:01,35.0|31.6|32.2|41.2|33.6|32.1|34.2|39.9|39.1|38.1|37.1,35.827272727272735
www.amazon.com,05-24-2020,03:36:01,35.9|33.5|33.7|44.2|40.8|34.3|36.6|34.4|36.8|32.2|37.5,36.35454545454545
www.amazon.com,05-24-2020,08:36:01,32.6|32.7|35.1|32.7|31.8|31.8|34.1|34.1|34.6|34.3|33.7,33.409090909090914
www.amazon.com,05-24-2020,08:36:01,33.2|31.2|34.9|34.0|35.0|33.9|36.4|33.1|32.9|32.6|38.7,34.17272727272728
www.amazon.com,05-25-2020,03:36:01,30.2|30.4|26.9|25.3|31.9|25.4|26.1|26.7|24.8|24.4|26.1,27.10909090909091
www.amazon.com,05-25-2020,03:36:01,46.1|29.5|48.6|25.4|24.5|25.3|25.5|23.6|31.2|23.0|23.7,29.672727272727272
www.amazon.com,05-25-2020,08:36:01,25.6|28.4|25.1|30.4|29.7|33.1|29.2|27.3|25.3|27.7|27.5,28.11818181818182
www.amazon.com,05-25-2020,08:36:01,23.2|24.9|25.5|33.0|24.6|25.8|26.4|25.9|24.4|29.1|28.4,26.472727272727273
