www.youtube.com,05-11-2020,03:36:10,35.1|33.0|36.8|74.9|31.5|31.7|31.3|34.3|31.8|31.2|32.8,36.763636363636365
www.youtube.com,05-11-2020,03:36:10,31.1|32.4|34.3|35.0|33.9|31.5|32.4|32.1|31.7|32.5|35.3,32.92727272727273
www.youtube.com,05-11-2020,08:36:10,27.5|27.9|41.2|34.4|27.5|31.9|31.0|29.8|29.6|25.5|29.5,30.527272727272727
www.youtube.com,05-11-2020,08:36:10,36.8|32.4|30.5|25.1|28.2|27.1|24.9|33.0|28.5|31.1|28.5,29.645454545454548
www.youtube.com,05-12-2020,03:36:02,28.1|67.1|38.1|145.0|141.0|150.0|118.0|120.0|190.0|26.0|25.0,95.3
www.youtube.com,05-12-2020,03:36:02,24.8|27.2|25.4|24.6|24.8|27.0|34.2|24.6|29.3|109.0|25.5,34.21818181818182
www.youtube.com,05-12-2020,08:36:01,31.4|35.8|30.4|29.7|26.0|25.1|35.4|25.6|32.8|28.3|26.6,29.736363636363638
www.youtube.com,05-12-2020,08:36:01,31.5|29.9|31.3|27.7|28.4|29.1|40.7|29.7|26.3|28.0|33.0,30.50909090909091
www.youtube.com,05-13-2020,03:36:01,25.8|36.5|24.7|26.3|29.5|26.4|25.5|25.3|24.8|34.8|24.9,27.681818181818183
www.youtube.com,05-13-2020,03:36:01,24.7|28.0|25.6|29.2|27.2|26.5|25.6|24.2|25.9|30.8|25.2,26.627272727272725
www.youtube.com,05-13-2020,08:36:01,32.0|31.8|31.4|31.7|32.7|32.8|44.4|32.9|32.6|33.1|42.5,34.35454545454546
www.youtube.com,05-13-2020,08:36:01,39.3|32.4|32.9|34.0|34.7|32.1|32.5|31.3|33.1|33.5|31.2,33.36363636363637
www.youtube.com,05-14-2020,03:36:02,25.2|25.9|30.4|25.5|25.0|25.5|28.5|24.4|27.4|26.5|25.7,26.363636363636363
www.youtube.com,05-14-2020,03:36:02,24.5|25.3|24.9|27.5|27.0|25.3|33.0|24.7|27.6|25.2|26.0,26.454545454545453
www.youtube.com,05-14-2020,08:36:03,26.9|24.3|25.2|25.5|38.4|26.3|30.7|26.0|25.3|24.6|25.7,27.172727272727276
www.youtube.com,05-14-2020,08:36:03,27.0|71.4|90.6|71.4|36.5|69.8|50.8|63.9|61.8|51.0|58.0,59.29090909090908
www.youtube.com,05-15-2020,03:36:03,29.6|26.0|32.8|110.0|72.7|67.3|57.6|29.5|79.5|59.5|61.2,56.88181818181818
www.youtube.com,05-15-2020,03:36:03,43.7|75.9|63.1|68.1|90.8|60.0|79.8|57.2|28.6|83.0|70.8,65.54545454545455
www.youtube.com,05-15-2020,08:36:01,26.4|27.9|26.0|29.0|23.6|29.1|29.9|28.5|32.3|31.5|41.6,29.61818181818182
www.youtube.com,05-15-2020,08:36:01,28.1|33.3|27.9|25.9|33.8|30.7|26.7|28.0|29.6|28.5|26.2,28.972727272727273
www.youtube.com,05-17-2020,03:36:02,32.4|26.0|24.5|33.4|27.5|26.9|25.6|25.2|24.9|25.7|33.6,27.790909090909096
www.youtube.com,05-17-2020,03:36:02,33.0|30.9|25.4|25.5|25.0|49.7|26.3|25.6|25.1|27.3|44.4,30.745454545454546
www.youtube.com,05-17-2020,08:36:02,24.4|25.4|25.3|31.8|28.9|27.0|26.0|25.9|34.4|26.3|27.8,27.563636363636363
www.youtube.com,05-17-2020,08:36:02,24.8|32.5|26.7|27.7|25.4|25.8|26.1|27.2|25.1|25.8|34.2,27.390909090909087
www.youtube.com,05-18-2020,03:36:02,27.1|29.9|28.8|29.6|27.4|27.0|35.1|27.4|26.0|26.6|28.2,28.463636363636365
www.youtube.com,05-18-2020,03:36:02,31.7|28.7|27.7|26.1|28.0|25.7|27.2|29.4|27.8|29.1|26.6,28.000000000000004
www.youtube.com,05-18-2020,08:36:02,35.1|35.4|36.4|35.5|34.9|36.1|38.8|43.6|34.4|41.0|37.5,37.154545454545456
www.youtube.com,05-18-2020,08:36:02,35.9|34.8|33.7|35.3|42.8|36.0|35.9|42.5|36.9|42.1|37.9,37.61818181818182
www.youtube.com,05-19-2020,03:36:02,25.0|25.6|24.7|27.9|24.3|26.9|26.9|27.6|26.2|30.4|30.5,26.909090909090903
www.youtube.com,05-19-2020,03:36:02,23.8|28.5|27.4|29.8|23.7|26.9|33.6|25.4|29.9|25.5|24.4,27.172727272727272
www.youtube.com,05-19-2020,08:36:01,26.9|28.8|24.8|30.2|31.3|36.7|26.3|34.5|28.4|31.2|24.8,29.44545454545454
www.youtube.com,05-19-2020,08:36:01,25.7|30.1|24.3|28.6|26.8|26.5|30.4|25.9|30.6|32.7|39.8,29.218181818181822
www.youtube.com,05-20-2020,03:36:04,32.4|26.9|27.0|27.9|26.0|25.6|27.9|25.3|26.5|23.7|26.1,26.845454545454547
www.youtube.com,05-20-2020,03:36:04,29.3|27.4|30.9|27.1|31.1|28.8|26.3|26.4|26.3|24.3|24.6,27.500000000000004
www.youtube.com,05-20-2020,08:36:02,30.1|32.0|29.0|31.1|26.0|25.5|24.4|29.7|26.1|29.2|32.2,28.663636363636364
www.youtube.com,05-20-2020,08:36:02,25.4|29.6|24.1|25.6|29.5|30.8|32.1|25.4|33.1|29.0|25.6,28.200000000000003
www.youtube.com,05-26-2020,03:36:02,24.9|28.4|28.0|27.4|24.4|26.7|34.2|25.9|25.4|30.5|28.1,27.627272727272725
www.youtube.com,05-26-2020,03:36:02,26.2|24.5|26.5|29.2|26.2|26.8|24.9|26.4|27.3|31.0|25.0,26.727272727272727
www.youtube.com,05-26-2020,08:36:02,33.6|27.5|28.3|27.8|28.4|33.6|25.7|31.5|25.2|26.2|38.2,29.636363636363637
www.youtube.com,05-26-2020,08:36:02,28.2|34.9|27.2|32.2|26.9|31.8|27.2|27.6|30.2|27.5|26.7,29.127272727272725
www.youtube.com,05-22-2020,03:36:01,25.4|25.1|24.9|26.9|25.0|26.4|26.7|26.2|25.8|27.3|28.4,26.190909090909088
www.youtube.com,05-22-2020,03:36:01,25.5|26.4|31.6|25.1|28.1|27.7|25.1|25.2|33.0|25.2|29.0,27.44545454545454
www.youtube.com,05-22-2020,08:36:02,28.5|25.2|24.4|27.8|24.6|26.7|40.1|31.2|29.6|30.8|33.0,29.263636363636365
www.youtube.com,05-22-2020,08:36:02,26.9|25.4|33.4|25.2|30.7|26.2|25.4|26.0|27.1|25.7|27.1,27.19090909090909
www.youtube.com,05-23-2020,03:36:01,40.9|24.8|32.8|24.8|27.8|32.6|24.9|25.3|26.5|26.6|32.3,29.027272727272727
www.youtube.com,05-23-2020,03:36:01,25.9|25.7|24.9|25.6|24.1|42.9|24.2|32.1|25.4|26.4|230.0,46.10909090909091
www.youtube.com,05-23-2020,08:36:01,30.3|34.4|29.5|31.4|29.3|31.1|37.0|30.4|35.2|35.1|31.3,32.27272727272728
www.youtube.com,05-23-2020,08:36:01,32.6|29.3|28.4|29.3|35.3|30.3|31.7|33.1|29.2|30.3|31.6,31.00909090909091
www.youtube.com,05-24-2020,03:36:01,32.1|27.3|25.7|29.4|28.4|26.3|27.7|27.5|25.8|29.0|25.6,27.709090909090914
www.youtube.com,05-24-2020,03:36:01,25.5|39.3|25.7|32.3|25.1|30.6|28.1|27.4|25.0|25.1|32.4,28.772727272727273
www.youtube.com,05-24-2020,08:36:01,27.0|24.0|27.2|24.2|25.6|25.3|27.1|32.3|25.8|26.9|25.8,26.472727272727276
www.youtube.com,05-24-2020,08:36:01,24.0|26.0|26.2|28.0|28.5|25.3|25.5|30.1|25.9|25.6|25.9,26.454545454545453
www.youtube.com,05-25-2020,03:36:01,31.7|33.3|32.8|32.8|32.7|32.9|31.2|34.4|32.6|44.6|33.3,33.845454545454544
www.youtube.com,05-25-2020,03:36:01,31.5|32.1|31.3|33.6|36.3|33.3|32.2|44.0|31.0|31.6|34.3,33.74545454545455
www.youtube.com,05-25-2020,08:36:01,25.3|27.6|26.3|25.5|25.4|28.0|25.6|27.4|25.6|25.8|31.3,26.70909090909091
www.youtube.com,05-25-2020,08:36:01,24.6|31.7|31.7|32.3|32.1|23.9|25.0|26.0|26.3|25.7|26.5,27.8
