www.amazon.de,05-11-2020,03:36:10,26.6|28.0|24.5|34.2|27.8|27.2|26.1|29.9|30.8|24.7|25.5,27.754545454545454
www.amazon.de,05-11-2020,03:36:10,24.1|24.4|27.3|29.9|26.4|29.2|23.7|29.0|28.3|25.2|27.8,26.845454545454547
www.amazon.de,05-11-2020,08:36:10,29.0|30.7|35.5|72.2|29.1|25.1|29.2|30.6|27.4|27.8|26.2,32.98181818181818
www.amazon.de,05-11-2020,08:36:10,30.4|91.2|25.0|25.7|31.1|26.4|26.6|80.1|30.7|28.9|29.5,38.69090909090909
www.amazon.de,05-12-2020,03:36:02,30.2|26.1|26.4|24.2|25.4|26.9|28.2|37.2|28.3|32.1|27.7,28.427272727272726
www.amazon.de,05-12-2020,03:36:02,24.4|32.4|25.1|27.1|27.2|25.1|29.3|26.2|24.9|25.6|25.8,26.645454545454548
www.amazon.de,05-12-2020,08:36:01,31.8|26.0|31.4|27.6|29.5|27.4|26.7|32.6|25.0|26.6|27.5,28.372727272727275
www.amazon.de,05-12-2020,08:36:01,27.5|31.2|39.3|25.6|31.1|34.1|40.8|34.6|24.1|27.8|29.6,31.427272727272737
www.amazon.de,05-13-2020,03:36:01,26.0|24.6|26.7|25.4|25.1|24.4|31.9|24.9|24.4|25.7|25.0,25.827272727272728
www.amazon.de,05-13-2020,03:36:01,27.1|28.9|25.5|27.1|28.7|27.0|26.9|34.5|25.3|26.7|24.6,27.481818181818184
www.amazon.de,05-13-2020,08:36:01,34.4|33.5|34.7|32.7|31.7|43.7|33.2|36.8|35.5|34.6|42.3,35.73636363636364
www.amazon.de,05-13-2020,08:36:01,39.2|36.1|35.2|38.4|33.8|32.7|33.5|41.5|37.7|35.4|33.0,36.04545454545454
www.amazon.de,05-14-2020,03:36:02,38.8|36.4|32.0|36.1|71.0|34.0|34.8|33.6|33.3|34.0|33.7,37.97272727272727
www.amazon.de,05-14-2020,03:36:02,34.7|35.3|32.6|32.3|36.5|32.7|33.7|31.5|31.9|33.3|33.2,33.42727272727273
www.amazon.de,05-14-2020,08:36:03,28.3|25.9|35.7|34.0|27.5|25.9|26.3|26.3|25.8|27.5|42.9,29.645454545454548
www.amazon.de,05-14-2020,08:36:03,26.1|25.0|26.8|26.1|25.1|29.5|25.2|94.4|52.5|54.0|54.6,39.936363636363645
www.amazon.de,05-15-2020,03:36:03,58.9|37.2|32.8|85.5|77.6|98.4|71.2|70.3|108.0|64.2|84.5,71.69090909090909
www.amazon.de,05-15-2020,03:36:03,74.8|68.0|70.1|66.8|63.2|141.0|59.1|68.9|56.9|70.6|110.0,77.21818181818182
www.amazon.de,05-15-2020,08:36:01,24.6|27.0|25.2|26.1|30.7|34.8|25.4|30.2|27.1|29.3|26.8,27.927272727272726
www.amazon.de,05-15-2020,08:36:01,27.7|30.3|31.9|33.3|27.9|31.7|26.5|26.1|27.5|27.7|25.5,28.736363636363635
www.amazon.de,05-17-2020,03:36:02,32.9|40.3|34.7|33.8|42.7|36.8|34.2|33.4|32.9|36.7|34.0,35.672727272727265
www.amazon.de,05-17-2020,03:36:02,32.6|32.0|31.1|33.7|32.3|31.4|31.3|31.8|32.3|32.1|38.3,32.62727272727273
www.amazon.de,05-17-2020,08:36:02,24.9|25.0|33.6|26.3|39.0|24.3|24.0|26.5|24.8|24.5|25.0,27.081818181818186
www.amazon.de,05-17-2020,08:36:02,27.8|26.0|26.3|25.3|26.3|26.8|27.4|35.2|27.4|25.6|27.2,27.39090909090909
www.amazon.de,05-18-2020,03:36:02,36.9|38.1|34.2|33.9|33.6|33.5|37.3|36.2|35.3|34.8|33.9,35.24545454545454
www.amazon.de,05-18-2020,03:36:02,33.5|33.9|37.4|32.9|35.9|33.0|34.7|45.9|34.9|37.6|33.0,35.699999999999996
www.amazon.de,05-18-2020,08:36:02,39.0|37.4|34.1|35.6|36.4|37.2|46.2|46.0|37.0|40.2|35.5,38.6
www.amazon.de,05-18-2020,08:36:02,34.1|40.4|35.4|34.9|47.0|46.8|34.5|35.9|36.3|37.5|36.7,38.13636363636363
www.amazon.de,05-19-2020,03:36:02,33.3|33.2|35.0|34.2|34.8|34.6|34.0|33.7|33.4|38.2|34.6,34.45454545454545
www.amazon.de,05-19-2020,03:36:02,33.7|33.2|32.6|33.6|32.9|33.7|36.4|36.3|36.8|34.1|33.2,34.22727272727273
www.amazon.de,05-19-2020,08:36:01,33.4|38.3|33.3|36.1|40.9|38.1|34.5|41.3|32.8|33.4|37.2,36.3
www.amazon.de,05-19-2020,08:36:01,35.9|39.1|33.0|35.7|40.3|35.5|35.0|36.7|56.5|117.0|41.9,46.054545454545455
www.amazon.de,05-20-2020,03:36:04,32.0|34.7|32.3|32.6|33.7|32.9|32.1|31.9|32.2|34.8|32.5,32.88181818181818
www.amazon.de,05-20-2020,03:36:04,33.7|31.9|37.1|40.7|36.8|33.2|36.0|33.0|32.7|32.2|35.2,34.772727272727266
www.amazon.de,05-20-2020,08:36:02,34.4|35.4|34.3|33.8|34.1|34.9|33.3|39.7|34.1|35.7|35.8,35.04545454545455
www.amazon.de,05-20-2020,08:36:02,37.9|34.2|31.6|32.5|32.0|32.3|35.4|32.3|32.9|35.4|31.6,33.46363636363636
www.amazon.de,05-26-2020,03:36:02,34.3|27.0|25.0|26.2|25.8|26.3|24.7|28.8|26.8|25.9|26.5,27.027272727272727
www.amazon.de,05-26-2020,03:36:02,25.5|26.4|27.0|28.2|25.3|29.3|24.1|24.9|25.9|26.7|28.1,26.490909090909096
www.amazon.de,05-26-2020,08:36:02,26.9|28.4|26.5|26.1|25.2|25.8|28.9|32.6|29.5|26.3|26.8,27.545454545454547
www.amazon.de,05-26-2020,08:36:02,27.3|27.6|26.9|34.8|44.4|50.0|28.9|34.6|34.7|29.8|32.1,33.73636363636364
www.amazon.de,05-22-2020,03:36:01,32.9|32.7|33.0|32.6|33.8|42.1|36.3|39.6|34.4|35.8|33.8,35.18181818181818
www.amazon.de,05-22-2020,03:36:01,34.6|37.8|35.8|36.8|38.7|32.0|37.5|33.6|33.0|32.9|32.6,35.02727272727273
www.amazon.de,05-22-2020,08:36:02,34.5|43.6|33.4|32.8|36.7|35.0|37.9|35.7|33.0|34.8|33.3,35.51818181818182
www.amazon.de,05-22-2020,08:36:02,41.6|38.2|45.0|34.5|32.3|61.3|34.5|34.7|39.1|35.6|36.9,39.42727272727273
www.amazon.de,05-23-2020,03:36:01,25.8|24.9|25.3|25.4|29.4|24.6|25.1|25.9|25.4|26.4|25.9,25.827272727272724
www.amazon.de,05-23-2020,03:36:01,26.2|26.7|26.9|25.6|24.1|25.3|27.5|25.9|25.3|25.0|23.7,25.654545454545453
www.amazon.de,05-23-2020,08:36:01,27.7|29.4|29.0|30.7|27.6|39.3|28.5|42.0|41.9|31.0|29.4,32.40909090909091
www.amazon.de,05-23-2020,08:36:01,27.3|36.4|28.5|29.8|30.2|29.5|33.2|30.5|34.4|31.5|31.3,31.145454545454548
www.amazon.de,05-24-2020,03:36:01,32.1|33.3|33.4|33.3|32.7|34.1|32.1|33.4|33.7|31.2|33.4,32.97272727272727
www.amazon.de,05-24-2020,03:36:01,35.5|31.0|32.9|40.9|32.1|33.0|33.8|36.3|34.1|33.8|33.0,34.21818181818182
www.amazon.de,05-24-2020,08:36:01,31.4|33.7|32.8|34.5|33.6|32.9|32.2|34.8|37.6|31.9|32.5,33.445454545454545
www.amazon.de,05-24-2020,08:36:01,32.6|36.4|31.5|32.3|34.5|37.8|35.3|33.7|32.7|40.8|32.7,34.57272727272727
www.amazon.de,05-25-2020,03:36:01,25.5|24.9|25.1|24.1|24.9|25.4|26.4|27.8|28.4|24.1|26.7,25.754545454545454
www.amazon.de,05-25-2020,03:36:01,25.1|24.2|29.3|24.9|30.6|28.8|25.8|25.3|25.8|30.4|25.1,26.845454545454547
www.amazon.de,05-25-2020,08:36:01,26.7|28.8|25.9|31.1|30.0|26.7|26.5|29.9|25.9|33.7|27.3,28.40909090909091
www.amazon.de,05-25-2020,08:36:01,33.0|26.2|33.5|26.9|25.1|26.0|25.8|26.8|25.2|23.8|25.1,27.03636363636364
