www.reddit.com,05-13-2020,15:27:02,36.5|36.9|35.3|37.3|36.8|34.4|37.4|36.9|33.6|35.1|35.5,35.972727272727276
www.reddit.com,05-13-2020,15:27:02,33.0|34.4|34.2|33.0|33.0|34.6|37.3|35.1|35.5|35.7|36.2,34.72727272727273
www.reddit.com,05-13-2020,16:53:54,34.5|35.7|36.2|35.8|34.6|35.5|36.6|36.7|34.9|37.1|36.0,35.78181818181818
www.reddit.com,05-13-2020,16:53:54,35.8|36.5|34.0|34.5|34.3|35.0|38.8|36.1|35.1|36.7|38.9,35.97272727272727
www.reddit.com,05-14-2020,15:24:57,52.4|55.0|52.8|52.5|52.4|51.1|52.0|66.9|52.0|52.2|53.7,53.90909090909092
www.reddit.com,05-14-2020,15:24:57,50.1|51.0|52.0|51.9|54.2|51.7|51.4|52.3|56.3|51.7|52.4,52.27272727272727
www.reddit.com,05-14-2020,16:50:50,35.3|36.4|36.7|36.3|39.0|37.8|36.4|37.5|35.4|37.1|35.1,36.63636363636363
www.reddit.com,05-14-2020,16:50:50,35.1|35.8|34.7|33.6|34.7|34.7|35.3|36.2|34.4|36.8|33.5,34.981818181818184
www.reddit.com,05-15-2020,17:29:34,33.5|34.3|34.3|34.8|37.4|35.7|38.2|36.5|38.9|36.6|34.1,35.845454545454544
www.reddit.com,05-15-2020,17:29:34,35.5|36.6|36.1|38.7|36.0|37.0|41.7|35.6|37.4|35.7|40.6,37.35454545454546
www.reddit.com,05-15-2020,16:52:57,34.8|38.4|36.9|36.9|36.6|38.1|35.7|37.2|37.1|34.2|35.6,36.50000000000001
www.reddit.com,05-15-2020,16:52:57,50.6|53.1|52.2|52.3|52.1|52.7|50.8|52.2|50.0|51.9|52.9,51.89090909090908
www.reddit.com,05-16-2020,15:25:24,39.1|42.1|48.6|43.8|40.1|45.6|40.8|41.5|43.7|42.5|41.0,42.61818181818182
www.reddit.com,05-16-2020,15:25:24,43.2|46.0|57.4|40.4|46.3|40.5|49.8|40.7|40.6|51.7|50.4,46.09090909090909
www.reddit.com,05-16-2020,16:52:09,40.1|54.1|40.4|39.5|41.2|38.0|41.2|39.8|38.7|41.5|40.4,41.35454545454545
www.reddit.com,05-16-2020,16:52:09,58.9|53.3|39.7|43.5|64.2|165.0|164.0|207.0|258.0|44.8,109.83999999999999
www.reddit.com,05-17-2020,15:22:31,54.1|55.4|54.7|56.0|58.9|57.4|56.1|134.0|55.8|63.4|64.9,64.6090909090909
www.reddit.com,05-17-2020,15:22:31,46.8|38.9|40.1|38.9|39.2|40.6|42.0|42.1|148.0|152.0|70.2,63.52727272727273
www.reddit.com,05-17-2020,16:50:21,37.6|41.3|38.8|42.1|38.1|39.9|40.4|40.5|39.2|46.7|37.5,40.190909090909095
www.reddit.com,05-17-2020,16:50:21,40.7|42.5|36.1|38.5|49.3|39.3|37.8|39.3|39.0|41.3|37.4,40.10909090909091
www.reddit.com,05-18-2020,15:22:00,34.8|36.2|37.2|36.7|36.0|35.6|36.9|35.0|37.0|39.0|35.8,36.38181818181818
www.reddit.com,05-18-2020,15:22:00,37.9|37.7|36.4|38.4|36.4|36.6|35.7|35.1|36.5|34.3|37.1,36.554545454545455
www.reddit.com,05-18-2020,16:52:19,49.7|54.1|51.7|59.8|50.9|52.1|51.1|53.7|52.8|53.5|51.6,52.81818181818183
www.reddit.com,05-18-2020,16:52:19,57.2|76.6|98.1|43.1|48.2|80.0|41.9|44.4|39.8|40.8|35.0,55.0090909090909
www.reddit.com,05-19-2020,15:23:50,34.7|36.6|33.8|34.7|37.4|34.6|35.6|34.7|35.0|33.8|32.9,34.89090909090909
www.reddit.com,05-19-2020,15:23:50,34.1|37.2|37.2|34.7|36.8|34.4|38.5|34.5|47.2|35.5|39.8,37.26363636363636
www.reddit.com,05-19-2020,16:50:30,49.3|54.3|52.8|51.1|54.2|52.0|135.0|53.3|52.8|50.9|54.0,59.97272727272727
www.reddit.com,05-19-2020,16:50:30,43.8|34.1|30.7|36.0|30.9|35.7|34.8|34.8|54.1|85.1|33.5,41.22727272727273
www.reddit.com,05-20-2020,15:20:45,35.0|36.8|35.9|35.8|35.9|37.7|35.9|37.1|50.0|36.7|37.4,37.654545454545456
www.reddit.com,05-20-2020,15:20:45,34.5|35.4|36.1|38.5|35.7|36.1|34.9|37.9|36.9|36.6|35.8,36.21818181818182
www.reddit.com,05-20-2020,16:52:23,35.9|35.9|37.4|35.4|36.6|36.8|35.7|41.6|36.0|33.3|34.6,36.290909090909096
www.reddit.com,05-20-2020,16:52:23,35.1|38.9|36.6|36.0|36.9|36.6|36.3|39.9|36.5|38.1|35.0,36.9
www.reddit.com,05-21-2020,15:23:03,50.9|52.7|54.4|53.0|50.6|52.6|51.5|52.3|53.9|89.8|52.3,55.818181818181806
www.reddit.com,05-21-2020,15:23:03,49.4|54.6|51.9|52.1|49.7|52.5|52.0|51.2|54.6|51.1|50.7,51.800000000000004
www.reddit.com,05-21-2020,16:53:44,34.8|33.5|33.7|35.7|34.6|33.2|34.8|35.9|34.2|35.4|36.6,34.76363636363636
www.reddit.com,05-21-2020,16:53:44,52.9|50.4|51.5|50.1|50.8|52.1|50.4|50.6|50.5|50.5|50.1,50.9
www.reddit.com,05-22-2020,15:22:08,106.0|101.0|108.0|83.7|102.0|82.6|101.0|95.9|101.0|101.0|96.2,98.03636363636365
www.reddit.com,05-22-2020,15:22:08,52.0|86.7|96.1|101.0|90.6|106.0|77.9|98.0|61.3|95.7|105.0,88.2090909090909
www.reddit.com,05-22-2020,20:48:00,50.6|54.0|51.6|53.6|51.9|51.0|52.0|51.4|49.7|50.1|52.0,51.627272727272725
www.reddit.com,05-22-2020,20:48:00,37.7|37.4|36.3|36.2|35.1|35.3|36.9|35.5|36.7|34.6|36.1,36.163636363636364
www.reddit.com,05-23-2020,16:27:29,36.7|38.8|39.0|39.1|39.6|38.1|40.1|42.3|39.9|40.1|38.2,39.263636363636365
www.reddit.com,05-23-2020,16:27:29,53.6|71.2|57.0|56.8|55.2|58.6|56.9|53.1|55.6|54.6|56.0,57.14545454545455
www.reddit.com,05-23-2020,17:23:28,37.6|38.8|40.7|39.3|41.0|38.9|37.0|36.9|49.7|36.6|40.0,39.68181818181819
www.reddit.com,05-23-2020,17:23:28,37.9|41.2|39.0|36.7|37.5|40.9|39.4|41.9|37.9|46.5|38.7,39.78181818181818
www.reddit.com,05-24-2020,17:07:56,53.0|56.0|56.2|55.2|57.3|54.4|54.8|54.6|64.6|56.7|54.6,56.12727272727273
www.reddit.com,05-24-2020,17:07:56,52.7|53.8|59.8|57.6|55.7|54.4|53.9|52.7|58.7|54.7|54.6,55.32727272727273
www.reddit.com,05-24-2020,23:13:02,34.5|36.4|36.2|34.7|40.8|35.6|34.7|35.4|36.1|35.6|34.0,35.81818181818182
www.reddit.com,05-24-2020,23:13:02,50.8|51.8|53.1|51.3|54.0|56.2|53.1|55.7|51.9|51.2|54.0,53.00909090909091
www.reddit.com,05-25-2020,15:20:14,37.6|37.4|38.7|38.6|40.1|37.5|38.2|39.5|39.6|42.6|40.4,39.10909090909092
www.reddit.com,05-25-2020,15:20:14,39.8|40.8|40.0|45.4|40.9|39.1|38.0|41.0|38.1|39.2|39.5,40.163636363636364
www.reddit.com,05-25-2020,16:38:51,36.3|36.9|42.1|39.4|37.2|40.1|39.6|71.0|39.8|43.0|39.1,42.227272727272734
www.reddit.com,05-25-2020,16:38:51,38.2|42.7|37.0|40.9|36.9|40.3|38.5|43.0|40.4|38.5|37.6,39.45454545454545
www.reddit.com,05-26-2020,19:49:45,35.7|35.2|35.3|36.3|35.6|34.9|35.9|35.1|35.6|36.6|37.1,35.75454545454546
www.reddit.com,05-26-2020,19:49:45,50.5|51.9|52.2|52.6|52.8|51.5|51.8|51.4|56.1|56.0|52.3,52.64545454545455
www.reddit.com,05-26-2020,16:38:27,34.3|36.6|34.4|37.3|34.3|38.2|34.0|35.4|33.7|36.6|34.1,35.35454545454546
www.reddit.com,05-26-2020,16:38:27,36.2|35.6|35.7|45.7|34.8|36.5|36.5|34.8|37.0|35.8|33.5,36.554545454545455
