www.youtube.com,05-13-2020,15:27:02,71.8|58.8|58.9|62.2|59.3|58.4|58.5|58.8|60.3|60.2|77.5,62.24545454545455
www.youtube.com,05-13-2020,15:27:02,68.7|60.1|60.2|60.1|62.7|60.0|63.6|58.7|64.8|59.8|60.9,61.781818181818174
www.youtube.com,05-13-2020,16:53:54,58.9|59.8|59.6|58.8|60.4|57.9|58.7|58.1|59.0|60.0|59.3,59.13636363636363
www.youtube.com,05-13-2020,16:53:54,59.9|59.5|62.8|59.4|59.9|60.5|60.1|59.5|60.5|58.4|59.4,59.99090909090909
www.youtube.com,05-14-2020,15:24:57,60.7|60.9|208.0|61.2|61.3|60.7|60.1|111.0|59.9|59.4|58.7,78.35454545454546
www.youtube.com,05-14-2020,15:24:57,58.1|60.5|60.0|58.5|59.7|59.6|60.0|60.5|61.6|61.3|61.1,60.08181818181818
www.youtube.com,05-14-2020,16:50:50,59.4|62.2|97.5|59.7|58.7|60.9|58.0|60.8|58.9|59.8|58.8,63.154545454545435
www.youtube.com,05-14-2020,16:50:50,57.7|59.1|60.6|60.4|61.0|72.5|59.0|61.2|60.3|60.5|59.2,61.04545454545455
www.youtube.com,05-15-2020,17:29:34,59.1|62.6|58.7|59.9|59.4|59.2|61.6|58.6|57.7|61.0|57.9,59.60909090909092
www.youtube.com,05-15-2020,17:29:34,58.1|58.4|60.5|58.0|59.5|60.1|61.0|59.6|60.0|60.4|59.4,59.54545454545455
www.youtube.com,05-15-2020,16:52:57,59.4|64.9|60.4|59.7|59.9|66.0|61.8|61.3|59.2|59.4|62.4,61.309090909090905
www.youtube.com,05-15-2020,16:52:57,59.6|59.8|60.9|58.6|65.5|61.2|60.1|60.7|61.3|60.0|60.8,60.77272727272726
www.youtube.com,05-16-2020,15:25:24,61.2|66.2|65.9|81.1|68.6|63.8|64.2|66.7|69.3|66.3|70.8,67.64545454545453
www.youtube.com,05-16-2020,15:25:24,65.8|67.8|63.4|68.1|62.7|65.7|64.9|64.7|73.9|69.1|66.0,66.55454545454546
www.youtube.com,05-16-2020,16:52:09,62.6|64.2|61.7|64.3|63.5|67.2|62.8|62.2|61.9|65.3|65.9,63.781818181818174
www.youtube.com,05-16-2020,16:52:09,62.8|96.6|73.3|96.4|141.0|120.0|72.2|63.3|64.3|65.8|64.8,83.68181818181816
www.youtube.com,05-17-2020,15:22:31,64.2|74.5|65.3|67.0|67.0|63.1|63.7|62.7|66.7|64.5|68.2,66.08181818181819
www.youtube.com,05-17-2020,15:22:31,61.6|64.6|62.5|64.9|64.9|60.5|65.7|64.2|61.9|61.4|66.3,63.49999999999999
www.youtube.com,05-17-2020,16:50:21,62.6|64.7|65.3|64.3|63.4|59.7|76.5|65.9|72.3|61.3|65.0,65.54545454545453
www.youtube.com,05-17-2020,16:50:21,63.6|62.9|64.6|62.7|60.3|62.3|73.8|229.0|66.6|64.3|63.4,79.4090909090909
www.youtube.com,05-18-2020,15:22:00,59.1|61.4|60.9|59.8|58.6|60.5|60.3|61.8|60.5|59.3|59.7,60.17272727272727
www.youtube.com,05-18-2020,15:22:00,59.5|58.9|60.4|60.4|60.1|60.8|60.5|60.5|59.5|62.1|59.3,60.18181818181818
www.youtube.com,05-18-2020,16:52:19,59.9|61.1|60.0|60.4|60.7|60.0|59.9|59.1|58.9|58.7|59.7,59.854545454545466
www.youtube.com,05-18-2020,16:52:19,58.2|69.5|61.3|57.5|60.1|59.2|58.3|58.2|59.6|61.3|60.7,60.35454545454545
www.youtube.com,05-19-2020,15:23:50,60.1|60.3|59.6|60.1|61.3|60.5|61.6|59.9|61.1|60.3|61.5,60.57272727272727
www.youtube.com,05-19-2020,15:23:50,62.7|60.2|58.8|61.2|60.3|57.8|57.2|61.0|59.0|60.7|61.3,60.01818181818182
www.youtube.com,05-19-2020,16:50:30,58.6|60.3|66.2|58.9|59.6|58.9|59.9|60.2|63.3|59.1|58.2,60.290909090909096
www.youtube.com,05-19-2020,16:50:30,59.4|58.4|59.7|63.2|59.3|65.8|57.0|65.7|59.7|57.9|61.5,60.690909090909095
www.youtube.com,05-20-2020,15:20:45,59.5|265.0|285.0|305.0|141.0|205.0|303.0|219.0|290.0|61.0|61.9,199.5818181818182
www.youtube.com,05-20-2020,15:20:45,60.2|62.4|60.3|59.5|58.6|59.1|59.0|66.0|60.9|59.8|60.2,60.54545454545455
www.youtube.com,05-20-2020,16:52:23,60.7|60.2|58.4|63.6|62.8|59.2|61.0|57.9|60.2|60.3|59.7,60.36363636363637
www.youtube.com,05-20-2020,16:52:23,58.3|57.8|57.8|59.3|57.1|59.5|58.2|60.3|62.2|59.5|58.8,58.98181818181818
www.youtube.com,05-21-2020,15:23:03,59.8|61.0|60.1|59.3|60.5|59.6|58.8|59.6|62.4|59.4|59.5,60.0
www.youtube.com,05-21-2020,15:23:03,62.3|60.6|60.1|59.4|58.6|59.5|59.6|60.0|60.8|58.6|59.9,59.945454545454545
www.youtube.com,05-21-2020,16:53:44,66.9|59.5|60.7|61.3|262.0|58.7|59.5|59.2|58.7|59.5|58.6,78.60000000000001
www.youtube.com,05-21-2020,16:53:44,59.6|59.3|58.4|58.4|58.9|60.8|59.1|58.4|57.1|59.7|58.2,58.900000000000006
www.youtube.com,05-22-2020,15:22:08,105.0|113.0|118.0|119.0|103.0|105.0|119.0|95.2|107.0|93.1|89.3,106.05454545454545
www.youtube.com,05-22-2020,15:22:08,94.3|106.0|117.0|106.0|116.0|93.5|116.0|58.3|104.0|109.0|67.3,98.85454545454546
www.youtube.com,05-22-2020,20:48:00,59.2|59.6|136.0|59.8|60.0|59.1|58.8|60.0|61.5|59.5|59.7,66.65454545454546
www.youtube.com,05-22-2020,20:48:00,58.5|58.3|57.9|59.7|59.8|60.7|58.8|58.7|60.0|61.0|57.9,59.209090909090904
www.youtube.com,05-23-2020,16:27:29,61.3|63.0|64.9|60.5|64.2|65.5|65.9|62.1|66.5|63.4|63.1,63.67272727272727
www.youtube.com,05-23-2020,16:27:29,59.4|61.8|62.1|62.6|68.1|61.8|61.2|64.8|62.7|66.7|64.8,63.27272727272727
www.youtube.com,05-23-2020,17:23:28,60.5|65.4|61.4|61.5|62.5|61.5|64.2|64.1|62.9|62.0|62.5,62.59090909090909
www.youtube.com,05-23-2020,17:23:28,62.7|63.0|64.4|67.4|61.2|62.0|65.9|63.4|62.9|64.8|64.2,63.809090909090905
www.youtube.com,05-24-2020,17:07:56,62.0|63.2|61.7|64.6|64.7|68.6|65.7|62.7|65.2|63.1|63.0,64.04545454545456
www.youtube.com,05-24-2020,17:07:56,65.1|61.5|62.1|62.1|61.5|61.3|62.2|64.5|61.9|63.4|62.7,62.57272727272728
www.youtube.com,05-24-2020,23:13:02,59.2|271.0|59.9|61.9|60.7|59.5|61.4|59.0|59.0|59.6|60.2,79.21818181818183
www.youtube.com,05-24-2020,23:13:02,59.7|59.2|60.2|72.0|62.2|59.5|60.0|62.0|60.9|60.6|55.8,61.099999999999994
www.youtube.com,05-25-2020,15:20:14,81.2|67.0|60.7|63.0|63.8|60.2|60.8|62.9|63.9|60.1|60.5,64.0090909090909
www.youtube.com,05-25-2020,15:20:14,62.0|61.4|62.5|62.6|62.8|63.7|64.0|60.2|63.8|60.9|63.5,62.49090909090909
www.youtube.com,05-25-2020,16:38:51,80.2|70.4|77.8|84.7|100.0|80.5|65.6|78.6|91.5|103.0|111.0,85.75454545454545
www.youtube.com,05-25-2020,16:38:51,61.1|61.7|64.0|77.9|65.6|64.5|60.1|62.3|62.2|62.6|64.4,64.21818181818183
www.youtube.com,05-26-2020,19:49:45,65.9|60.5|60.8|63.4|59.3|58.7|58.7|60.1|58.4|60.4|61.1,60.66363636363636
www.youtube.com,05-26-2020,19:49:45,67.2|60.7|57.9|58.3|58.8|59.9|58.2|58.4|59.6|57.6|60.2,59.70909090909092
www.youtube.com,05-26-2020,16:38:27,59.7|60.2|60.0|60.2|61.6|60.4|61.8|60.8|58.9|59.2|59.6,60.218181818181826
www.youtube.com,05-26-2020,16:38:27,60.2|58.8|60.2|59.3|59.3|59.0|61.0|59.7|59.1|60.3|61.7,59.872727272727275
