www.chicagotribune.com,05-13-2020,15:27:02,34.1|35.1|36.5|40.1|36.2|38.6|37.4|35.9|35.1|35.4|36.8,36.472727272727276
www.chicagotribune.com,05-13-2020,15:27:02,34.9|39.3|34.9|40.3|35.9|35.8|37.3|36.4|39.1|37.0|87.8,41.699999999999996
www.chicagotribune.com,05-13-2020,16:53:54,34.9|36.9|35.3|34.4|36.3|37.2|38.1|35.4|37.4|38.8|36.3,36.45454545454545
www.chicagotribune.com,05-13-2020,16:53:54,36.9|35.8|35.7|35.9|47.4|38.8|35.4|36.9|37.0|35.2|36.3,37.39090909090908
www.chicagotribune.com,05-14-2020,15:24:57,34.6|36.9|36.5|37.0|37.0|36.1|37.3|38.1|39.2|36.9|36.4,36.90909090909091
www.chicagotribune.com,05-14-2020,15:24:57,34.6|37.5|37.6|38.4|38.3|36.2|36.2|39.7|37.3|36.6|38.7,37.372727272727275
www.chicagotribune.com,05-14-2020,16:50:50,35.4|35.3|37.7|38.6|35.7|38.2|40.0|34.3|35.2|34.9|34.7,36.36363636363636
www.chicagotribune.com,05-14-2020,16:50:50,34.8|35.5|35.4|37.3|34.5|55.8|36.1|36.1|36.8|36.3|36.1,37.7
www.chicagotribune.com,05-15-2020,17:29:34,34.9|36.5|36.7|35.1|38.0|40.0|37.7|37.9|36.9|39.7|35.2,37.14545454545454
www.chicagotribune.com,05-15-2020,17:29:34,35.8|37.1|36.2|38.6|34.7|38.4|36.2|36.4|35.8|37.5|38.5,36.836363636363636
www.chicagotribune.com,05-15-2020,16:52:57,36.3|33.9|36.9|35.1|37.4|36.4|35.9|36.3|37.2|36.7|36.7,36.25454545454545
www.chicagotribune.com,05-15-2020,16:52:57,36.5|36.1|36.7|35.9|38.5|35.5|38.1|35.2|37.7|36.8|35.7,36.60909090909091
www.chicagotribune.com,05-16-2020,15:25:24,45.3|41.0|45.0|56.8|52.2|41.8|52.3|46.0|49.3|56.5|41.4,47.96363636363637
www.chicagotribune.com,05-16-2020,15:25:24,43.8|41.0|41.6|46.7|42.8|70.4|43.6|53.7|42.5|43.3|39.7,46.28181818181818
www.chicagotribune.com,05-16-2020,16:52:09,138.0|39.4|70.3|41.7|65.9|38.1|90.9|133.0|181.0|42.8|37.7,79.89090909090909
www.chicagotribune.com,05-16-2020,16:52:09,42.4|41.6|40.9|41.5|39.9|41.5|42.9|39.3|45.8|38.8|46.3,41.900000000000006
www.chicagotribune.com,05-17-2020,15:22:31,36.6|42.8|53.6|43.9|39.8|48.6|42.7|42.7|40.3|43.4|40.9,43.20909090909091
www.chicagotribune.com,05-17-2020,15:22:31,36.6|38.4|40.5|40.5|41.4|53.8|39.2|40.9|46.7|41.1|38.7,41.61818181818182
www.chicagotribune.com,05-17-2020,16:50:21,39.4|47.9|42.7|38.8|42.7|43.5|44.8|43.8|42.8|75.7|39.4,45.59090909090909
www.chicagotribune.com,05-17-2020,16:50:21,41.3|44.2|42.6|41.4|47.1|41.2|42.2|54.5|104.0|42.7|39.8,49.18181818181818
www.chicagotribune.com,05-18-2020,15:22:00,36.0|37.5|37.0|38.1|35.1|38.3|36.3|36.8|35.6|34.1|36.0,36.436363636363645
www.chicagotribune.com,05-18-2020,15:22:00,35.9|38.9|35.9|35.6|34.9|35.4|37.5|37.0|36.2|36.4|37.7,36.49090909090909
www.chicagotribune.com,05-18-2020,16:52:19,37.3|39.0|45.7|42.0|41.7|43.2|41.9|42.5|39.9|39.2|38.5,40.99090909090909
www.chicagotribune.com,05-18-2020,16:52:19,38.8|40.3|40.3|38.4|41.3|45.8|38.9|40.9|39.8|40.9|39.5,40.44545454545454
www.chicagotribune.com,05-19-2020,15:23:50,25.2|281.0|24.5|24.7|24.2|22.7|25.6|26.9|22.1|25.3|24.0,47.83636363636364
www.chicagotribune.com,05-19-2020,15:23:50,23.0|24.2|24.0|23.2|23.8|24.7|23.9|23.0|23.3|23.8|24.1,23.727272727272734
www.chicagotribune.com,05-19-2020,16:50:30,49.6|35.4|35.8|36.4|34.8|34.7|35.4|36.3|36.8|34.2|35.2,36.78181818181818
www.chicagotribune.com,05-19-2020,16:50:30,36.1|56.6|35.7|34.3|35.5|35.7|33.7|35.2|36.7|35.0|34.3,37.163636363636364
www.chicagotribune.com,05-20-2020,15:20:45,37.8|34.9|38.4|37.8|40.6|36.3|37.5|36.9|35.5|36.5|37.7,37.26363636363636
www.chicagotribune.com,05-20-2020,15:20:45,37.3|36.6|34.4|38.0|37.4|38.6|36.2|38.6|36.9|48.2|35.4,37.96363636363636
www.chicagotribune.com,05-20-2020,16:52:23,34.9|35.5|37.5|38.1|34.1|36.2|36.8|35.8|36.4|33.6|35.1,35.81818181818182
www.chicagotribune.com,05-20-2020,16:52:23,36.0|35.9|35.8|36.8|37.6|36.8|37.1|35.0|36.3|39.9|34.7,36.53636363636363
www.chicagotribune.com,05-21-2020,15:23:03,35.9|36.3|38.7|33.8|37.6|35.3|38.2|37.0|35.3|37.6|38.3,36.727272727272734
www.chicagotribune.com,05-21-2020,15:23:03,34.9|35.5|45.7|37.0|35.9|38.2|35.6|36.1|34.7|38.4|36.6,37.14545454545455
www.chicagotribune.com,05-21-2020,16:53:44,35.1|34.3|34.7|33.9|34.4|34.1|35.8|35.5|35.6|35.8|35.5,34.972727272727276
www.chicagotribune.com,05-21-2020,16:53:44,38.9|33.9|34.6|33.7|35.5|34.5|35.2|35.3|35.5|38.1|36.3,35.59090909090909
www.chicagotribune.com,05-22-2020,15:22:08,84.3|43.0|89.4|88.7|37.7|66.1|74.5|64.2|78.3|88.8|64.5,70.86363636363636
www.chicagotribune.com,05-22-2020,15:22:08,67.9|86.6|91.2|76.2|89.3|76.5|85.6|96.3|82.1|89.8|48.7,80.92727272727272
www.chicagotribune.com,05-22-2020,20:48:00,34.5|38.9|37.6|36.9|37.6|36.1|35.6|35.8|42.0|36.4|36.3,37.06363636363636
www.chicagotribune.com,05-22-2020,20:48:00,36.6|35.8|34.1|36.8|36.6|37.3|35.7|35.5|39.2|37.8|42.3,37.06363636363637
www.chicagotribune.com,05-23-2020,16:27:29,37.1|40.0|43.2|39.7|38.8|38.6|40.7|41.0|39.1|39.3|38.7,39.654545454545456
www.chicagotribune.com,05-23-2020,16:27:29,37.9|40.8|124.0|66.4|123.0|141.0|40.8|37.4|42.5|39.4|43.3,66.95454545454544
www.chicagotribune.com,05-23-2020,17:23:28,35.3|39.6|38.9|42.0|135.0|43.2|36.8|38.1|38.0|38.8|51.1,48.8
www.chicagotribune.com,05-23-2020,17:23:28,37.5|40.3|42.1|43.0|40.7|40.7|40.1|39.2|39.4|41.9|43.8,40.79090909090909
www.chicagotribune.com,05-24-2020,17:07:56,38.3|40.1|43.3|37.1|38.6|40.2|40.9|45.2|40.6|52.6|48.3,42.2909090909091
www.chicagotribune.com,05-24-2020,17:07:56,36.1|48.0|38.4|37.4|41.5|38.9|99.0|299.0|173.0|183.0|37.5,93.8
www.chicagotribune.com,05-24-2020,23:13:02,34.0|37.7|37.1|36.0|37.2|36.0|37.1|38.9|37.3|35.8|36.6,36.7
www.chicagotribune.com,05-24-2020,23:13:02,37.5|38.4|40.4|37.3|37.2|36.1|37.0|65.6|30.7|89.3|158.0,55.22727272727273
www.chicagotribune.com,05-25-2020,15:20:14,40.1|37.9|39.9|42.1|38.8|39.3|37.7|39.8|37.5|39.7|40.6,39.400000000000006
www.chicagotribune.com,05-25-2020,15:20:14,38.0|40.8|38.5|40.4|38.8|41.8|38.3|53.1|41.2|38.5|41.8,41.018181818181816
www.chicagotribune.com,05-25-2020,16:38:51,44.4|39.4|39.4|39.8|38.6|38.1|37.9|37.6|39.7|43.1|39.3,39.75454545454546
www.chicagotribune.com,05-25-2020,16:38:51,43.7|52.9|40.4|40.4|41.5|39.3|37.7|38.1|39.3|40.0|39.1,41.12727272727273
www.chicagotribune.com,05-26-2020,19:49:45,40.0|34.1|41.2|37.4|34.7|34.7|35.5|36.7|36.4|36.8|36.0,36.68181818181818
www.chicagotribune.com,05-26-2020,19:49:45,35.3|36.2|35.8|36.5|37.0|35.5|36.3|36.9|161.0|34.7|35.8,47.36363636363637
www.chicagotribune.com,05-26-2020,16:38:27,34.7|38.1|35.4|34.8|36.3|35.7|34.8|36.4|37.6|35.3|37.1,36.01818181818182
www.chicagotribune.com,05-26-2020,16:38:27,35.3|35.6|46.3|35.3|35.8|34.8|36.6|36.4|35.3|35.6|35.6,36.60000000000001
