www.letgo.com,05-13-2020,10:00:01,12.1|11.9|8.16|7.45|8.97|9.07|23.5|8.66|8.57|9.31|7.57,10.478181818181817
www.letgo.com,05-13-2020,10:00:01,12.1|17.0|7.72|7.42|7.22|7.82|7.61|7.51|9.82|8.87|7.57,9.15090909090909
www.letgo.com,05-13-2020,22:00:01,13.1|13.1|16.5|10.5|8.83|7.8|7.86|9.91|11.6|12.8|14.8,11.527272727272726
www.letgo.com,05-13-2020,22:00:01,11.4|13.1|8.28|8.72|7.92|8.87|7.76|9.16|9.67|8.77|7.82,9.224545454545455
www.letgo.com,05-14-2020,10:00:01,12.9|20.4|7.65|8.52|8.18|8.34|15.2|8.68|7.47|7.51|8.56,10.31
www.letgo.com,05-14-2020,10:00:01,12.0|11.9|7.7|8.21|7.86|7.72|7.31|8.01|8.02|8.77|8.42,8.72
www.letgo.com,05-14-2020,22:00:01,12.3|13.6|7.69|8.4|8.42|8.05|9.21|7.52|8.41|7.65|7.66,8.991818181818182
www.letgo.com,05-14-2020,22:00:01,11.8|12.1|7.46|8.13|9.83|8.07|7.61|7.52|8.2|11.5|9.13,9.213636363636363
www.letgo.com,05-15-2020,10:00:01,12.2|12.4|7.61|8.35|9.24|9.16|8.67|14.8|8.37|9.15|8.42,9.851818181818183
www.letgo.com,05-15-2020,10:00:01,10.8|20.9|9.33|8.27|8.47|8.71|7.52|7.57|7.62|8.51|8.46,9.65090909090909
www.letgo.com,05-15-2020,22:00:01,11.6|11.9|7.4|8.56|8.73|14.6|8.37|7.52|8.87|7.92|8.01,9.407272727272728
www.letgo.com,05-15-2020,22:00:01,12.8|15.8|8.56|8.02|21.9|8.3|8.03|8.21|8.22|7.86|16.4,11.281818181818181
www.letgo.com,05-16-2020,10:00:01,12.2|13.2|7.37|9.69|7.57|8.41|7.57|16.5|8.64|8.71|8.87,9.884545454545453
www.letgo.com,05-16-2020,10:00:01,11.5|12.0|8.25|7.22|9.06|7.63|7.96|7.86|8.12|7.88|7.47,8.631818181818183
www.letgo.com,05-16-2020,22:00:01,12.3|12.9|8.77|8.82|8.05|7.87|8.41|9.12|7.78|8.1|7.82,9.085454545454546
www.letgo.com,05-16-2020,22:00:01,11.6|11.1|9.27|8.67|8.61|8.52|9.47|8.72|8.37|7.88|7.72,9.084545454545456
www.letgo.com,05-17-2020,10:00:01,13.4|12.9|7.34|7.67|8.66|9.32|8.26|7.57|9.32|8.51|8.22,9.197272727272727
www.letgo.com,05-17-2020,10:00:01,11.5|21.2|7.38|9.47|8.02|8.67|9.31|7.42|8.07|8.67|8.02,9.793636363636363
www.letgo.com,05-17-2020,22:00:01,11.1|14.0|8.81|9.12|8.53|8.28|8.61|7.53|7.91|8.66|8.48,9.184545454545455
www.letgo.com,05-17-2020,22:00:01,12.6|18.1|8.09|8.52|8.42|8.85|8.01|12.9|7.48|9.36|8.77,10.100000000000001
www.letgo.com,05-18-2020,10:00:01,13.4|11.9|8.21|7.77|24.9|8.81|8.91|8.72|8.72|7.61|9.48,10.766363636363637
www.letgo.com,05-18-2020,10:00:01,12.9|15.9|8.83|8.2|9.26|8.22|9.51|16.5|7.99|8.27|7.82,10.309090909090907
www.letgo.com,05-18-2020,22:00:01,15.3|17.0|9.83|8.42|8.59|7.82|8.11|8.47|8.47|9.7|8.22,9.993636363636362
www.letgo.com,05-18-2020,22:00:01,23.2|12.0|7.77|9.01|7.77|7.42|9.16|7.47|7.77|7.67|8.36,9.781818181818183
www.letgo.com,05-19-2020,10:00:01,12.2|12.0|7.8|7.97|7.36|7.62|8.06|8.02|8.27|7.61|7.73,8.603636363636364
www.letgo.com,05-19-2020,10:00:01,12.2|11.9|7.32|7.52|7.97|7.62|7.81|7.77|7.97|8.47|7.17,8.52
www.letgo.com,05-19-2020,22:00:01,11.3|16.0|7.97|8.27|7.77|8.22|7.36|15.8|7.89|7.61|7.58,9.615454545454545
www.letgo.com,05-19-2020,22:00:01,11.5|10.8|8.16|7.77|8.02|7.27|7.85|7.87|7.77|7.67|7.42,8.372727272727273
www.letgo.com,05-20-2020,10:00:01,11.7|10.9|7.41|7.57|7.59|7.72|7.91|7.57|7.56|8.17|8.57,8.424545454545456
www.letgo.com,05-20-2020,10:00:01,11.3|13.5|7.61|7.61|8.22|8.07|7.81|7.36|7.72|8.07|8.07,8.667272727272728
www.letgo.com,05-20-2020,22:00:01,11.4|12.0|8.07|8.17|8.25|7.57|8.01|8.27|7.52|7.81|8.02,8.644545454545455
www.letgo.com,05-20-2020,22:00:01,12.1|10.9|7.86|16.2|7.44|7.57|7.66|7.57|7.87|8.27|8.17,9.237272727272728
www.letgo.com,05-21-2020,10:00:01,11.4|12.1|7.86|7.47|9.76|7.4|8.66|8.46|7.78|7.65|7.76,8.754545454545456
www.letgo.com,05-21-2020,10:00:01,13.7|11.4|7.77|8.05|7.62|7.57|7.37|7.71|15.3|8.99|8.02,9.409090909090908
www.letgo.com,05-21-2020,22:00:01,13.2|12.0|7.41|8.62|8.96|7.97|8.38|8.51|9.71|8.66|7.86,9.207272727272729
www.letgo.com,05-21-2020,22:00:01,11.8|11.9|7.6|7.46|8.97|7.46|7.98|8.03|8.04|8.37|8.42,8.730000000000002
www.letgo.com,05-22-2020,10:00:01,12.3|11.1|8.25|7.55|7.91|7.5|7.86|7.81|7.87|7.47|7.91,8.502727272727272
www.letgo.com,05-22-2020,10:00:01,11.6|11.9|9.35|8.88|7.7|17.2|8.43|7.46|7.46|7.61|7.9,9.590000000000002
www.letgo.com,05-22-2020,22:00:01,12.2|12.0|7.41|7.64|7.57|9.36|9.66|7.88|7.37|9.16|7.57,8.892727272727273
www.letgo.com,05-22-2020,22:00:01,11.5|13.9|8.04|7.82|9.67|7.43|7.65|8.67|8.57|7.33|7.42,8.909090909090908
www.letgo.com,05-23-2020,10:00:01,11.4|12.0|7.91|7.71|7.49|8.37|7.26|7.62|8.47|7.56|7.81,8.509090909090908
www.letgo.com,05-23-2020,10:00:01,11.9|11.9|7.46|8.17|7.36|7.91|7.66|8.26|7.87|7.82|7.17,8.498181818181818
www.letgo.com,05-23-2020,22:00:01,11.8|11.9|8.31|9.11|8.66|8.3|8.2|7.96|8.2|7.7|7.86,8.90909090909091
www.letgo.com,05-23-2020,22:00:01,12.0|10.9|7.82|7.53|7.81|7.51|8.14|7.88|8.09|8.69|7.69,8.55090909090909
www.letgo.com,05-24-2020,10:00:01,13.7|11.3|7.51|7.66|7.74|8.12|7.46|7.62|7.52|7.61|7.6,8.53090909090909
www.letgo.com,05-24-2020,10:00:01,12.1|12.1|7.57|7.75|7.41|7.72|8.91|7.56|8.26|7.27|7.97,8.601818181818182
www.letgo.com,05-24-2020,22:00:01,12.2|13.1|9.11|7.42|8.34|7.72|7.41|8.12|7.72|7.86|7.77,8.797272727272725
www.letgo.com,05-24-2020,22:00:01,12.1|18.2|7.37|7.61|8.02|7.57|8.31|7.62|8.52|7.92|8.35,9.235454545454544
www.letgo.com,05-25-2020,10:00:01,11.4|12.1|7.67|8.42|7.77|7.97|12.0|11.7|9.67|8.02|8.31,9.548181818181819
www.letgo.com,05-25-2020,10:00:01,12.1|11.0|7.95|8.31|7.27|8.02|7.36|7.77|7.66|7.31|7.52,8.388181818181819
www.letgo.com,05-25-2020,22:00:01,20.3|12.0|7.62|7.62|7.54|7.72|7.96|7.46|7.62|7.56|8.54,9.267272727272728
www.letgo.com,05-25-2020,22:00:01,11.4|10.9|22.7|7.7|7.72|7.72|7.91|12.3|11.8|8.33|8.31,10.617272727272727
www.letgo.com,05-26-2020,10:00:02,13.2|11.1|7.49|7.41|7.92|8.07|7.66|8.02|7.67|7.56|7.42,8.501818181818182
www.letgo.com,05-26-2020,10:00:02,12.0|10.9|8.77|7.9|7.66|7.57|7.76|7.51|8.02|8.07|7.76,8.538181818181819
www.letgo.com,05-26-2020,22:00:01,11.8|18.9|8.58|7.9|7.87|7.52|7.87|7.46|8.07|9.47|7.92,9.396363636363636
www.letgo.com,05-26-2020,22:00:01,12.0|15.0|8.47|7.32|8.17|8.62|7.77|7.62|7.97|10.3|7.88,9.192727272727272
