www.etsy.com,05-13-2020,10:00:01,13.2|12.0|8.31|8.22|8.56|7.77|7.52|7.77|8.82|10.5|8.47,9.194545454545453
www.etsy.com,05-13-2020,10:00:01,13.6|12.7|7.71|8.07|7.58|8.91|8.46|8.72|7.87|7.47|8.42,9.046363636363637
www.etsy.com,05-13-2020,22:00:01,12.1|12.0|8.02|14.9|11.2|16.3|8.23|8.22|8.82|16.3|9.44,11.41181818181818
www.etsy.com,05-13-2020,22:00:01,12.2|13.9|23.9|8.95|8.32|7.97|7.32|8.47|7.48|7.97|16.5,11.18
www.etsy.com,05-14-2020,10:00:01,12.1|14.5|7.9|7.82|7.77|8.96|8.01|8.12|12.5|9.17|10.1,9.722727272727273
www.etsy.com,05-14-2020,10:00:01,19.6|13.0|7.83|7.56|7.92|7.66|15.2|8.63|7.32|7.41|7.72,9.986363636363636
www.etsy.com,05-14-2020,22:00:01,12.5|17.7|8.04|7.48|7.67|9.43|7.51|7.71|8.23|7.32|7.81,9.218181818181819
www.etsy.com,05-14-2020,22:00:01,12.2|11.8|9.11|7.74|7.3|7.41|8.02|7.36|7.6|7.9|8.01,8.586363636363636
www.etsy.com,05-15-2020,10:00:01,14.0|12.8|7.6|8.21|8.51|7.62|7.82|8.31|8.71|7.67|7.96,9.01909090909091
www.etsy.com,05-15-2020,10:00:01,13.6|12.9|7.47|8.06|17.2|7.99|8.27|8.21|7.51|16.4|7.79,10.490909090909092
www.etsy.com,05-15-2020,22:00:01,38.2|12.9|8.13|7.4|16.9|7.99|9.76|7.48|16.5|28.7|8.27,14.748181818181818
www.etsy.com,05-15-2020,22:00:01,27.4|10.8|8.1|7.81|7.92|7.82|8.96|11.1|8.83|8.82|8.57,10.557272727272727
www.etsy.com,05-16-2020,10:00:01,12.1|12.0|7.62|7.95|7.92|8.17|7.47|7.87|8.81|7.77|7.27,8.631818181818181
www.etsy.com,05-16-2020,10:00:01,12.2|12.2|7.33|8.36|8.42|9.02|7.76|7.87|7.32|7.26|7.57,8.664545454545454
www.etsy.com,05-16-2020,22:00:01,19.4|12.9|8.32|7.77|7.52|8.46|7.87|7.27|8.06|8.32|7.37,9.387272727272729
www.etsy.com,05-16-2020,22:00:01,12.0|16.9|7.63|8.8|8.02|7.87|8.71|9.47|7.83|8.31|13.8,9.94
www.etsy.com,05-17-2020,10:00:01,12.2|12.1|8.07|7.62|8.91|8.01|7.42|7.42|7.91|7.93|7.87,8.67818181818182
www.etsy.com,05-17-2020,10:00:01,13.5|11.9|7.51|8.51|8.81|8.02|7.56|7.47|8.07|8.32|8.82,8.953636363636361
www.etsy.com,05-17-2020,22:00:01,12.3|15.2|7.59|8.44|8.12|7.82|7.66|9.01|7.32|8.47|8.61,9.14
www.etsy.com,05-17-2020,22:00:01,11.9|15.9|7.72|9.57|8.26|8.09|7.59|8.01|7.42|7.41|9.02,9.171818181818182
www.etsy.com,05-18-2020,10:00:01,13.2|18.9|7.38|8.02|8.12|8.27|7.17|7.51|7.47|8.57|7.47,9.28
www.etsy.com,05-18-2020,10:00:01,11.9|12.6|8.65|9.02|8.62|7.87|8.46|8.72|8.52|8.17|7.83,9.123636363636363
www.etsy.com,05-18-2020,22:00:01,14.7|12.9|18.2|7.85|8.77|8.27|9.72|9.02|8.92|8.62|8.67,10.512727272727274
www.etsy.com,05-18-2020,22:00:01,26.9|12.3|7.52|9.91|8.42|8.57|7.62|8.92|8.07|7.37|8.47,10.37
www.etsy.com,05-19-2020,10:00:01,13.4|10.7|8.19|8.07|7.97|7.72|7.81|7.31|7.87|7.62|7.91,8.597272727272728
www.etsy.com,05-19-2020,10:00:01,12.2|11.0|7.52|7.76|7.91|7.47|7.47|7.21|8.56|7.67|7.92,8.426363636363636
www.etsy.com,05-19-2020,22:00:01,19.3|12.6|7.43|7.76|7.82|7.67|7.66|7.66|7.87|7.57|7.57,9.173636363636364
www.etsy.com,05-19-2020,22:00:01,12.2|13.0|7.77|8.21|7.97|7.87|8.21|7.92|7.97|7.92|7.92,8.814545454545454
www.etsy.com,05-20-2020,10:00:01,11.3|13.0|7.42|7.75|7.51|8.37|7.8|7.36|7.92|8.92|7.22,8.597272727272726
www.etsy.com,05-20-2020,10:00:01,11.4|12.2|8.11|7.42|7.57|7.72|7.96|7.37|7.42|7.27|8.77,8.473636363636363
www.etsy.com,05-20-2020,22:00:01,30.6|14.1|7.28|7.43|8.07|9.85|7.42|10.6|7.92|7.77|42.8,13.985454545454543
www.etsy.com,05-20-2020,22:00:01,10.5|10.8|8.06|8.27|7.17|7.66|7.96|8.06|7.42|7.71|7.82,8.31181818181818
www.etsy.com,05-21-2020,10:00:01,12.4|10.9|7.35|7.47|7.47|7.76|7.86|7.66|7.72|16.0|7.54,9.102727272727273
www.etsy.com,05-21-2020,10:00:01,12.2|11.9|7.72|7.66|7.66|7.57|8.66|7.52|8.02|7.96|7.67,8.594545454545454
www.etsy.com,05-21-2020,22:00:01,18.6|12.0|8.37|7.76|8.16|8.77|8.19|7.66|7.52|7.3|7.72,9.277272727272727
www.etsy.com,05-21-2020,22:00:01,11.5|12.0|7.81|7.88|7.86|7.35|8.17|8.1|7.32|8.37|8.21,8.59727272727273
www.etsy.com,05-22-2020,10:00:01,13.4|11.2|7.7|8.64|7.44|7.96|7.78|7.42|8.04|17.0|7.95,9.502727272727272
www.etsy.com,05-22-2020,10:00:01,12.2|13.0|7.65|7.56|7.91|8.47|8.2|7.72|7.37|8.65|8.17,8.80909090909091
www.etsy.com,05-22-2020,22:00:01,11.4|11.9|7.98|7.48|7.45|7.32|7.66|7.66|7.52|7.97|7.62,8.360000000000001
www.etsy.com,05-22-2020,22:00:01,11.8|14.0|11.7|7.58|8.52|7.77|8.9|10.5|8.02|7.62|7.37,9.434545454545455
www.etsy.com,05-23-2020,10:00:01,12.2|12.1|7.52|7.67|8.12|7.42|7.8|8.91|7.57|7.67|7.92,8.627272727272727
www.etsy.com,05-23-2020,10:00:01,12.1|10.9|7.45|7.56|7.96|7.47|7.46|7.27|7.82|8.01|7.77,8.342727272727274
www.etsy.com,05-23-2020,22:00:01,12.5|21.8|7.77|8.46|15.8|8.02|7.69|7.8|7.75|7.6|8.85,10.367272727272727
www.etsy.com,05-23-2020,22:00:01,11.4|11.9|7.9|8.19|8.91|7.45|15.9|7.42|7.41|7.9|7.35,9.248181818181818
www.etsy.com,05-24-2020,10:00:01,14.4|11.9|7.91|8.27|8.02|8.27|7.61|7.52|7.57|7.92|7.92,8.846363636363636
www.etsy.com,05-24-2020,10:00:01,12.1|11.8|7.41|8.11|7.2|7.52|7.31|8.85|7.42|7.42|7.37,8.41
www.etsy.com,05-24-2020,22:00:01,12.4|18.8|7.4|7.32|8.06|7.32|10.1|7.57|8.02|7.32|9.56,9.442727272727273
www.etsy.com,05-24-2020,22:00:01,12.1|11.6|7.71|7.62|8.37|8.91|7.61|7.72|8.01|7.27|8.27,8.653636363636364
www.etsy.com,05-25-2020,10:00:01,13.1|11.1|8.06|7.72|7.52|8.66|8.61|7.57|7.92|7.47|7.57,8.663636363636364
www.etsy.com,05-25-2020,10:00:01,12.3|11.9|7.51|8.37|7.8|8.06|7.62|8.17|7.42|7.97|8.37,8.68090909090909
www.etsy.com,05-25-2020,22:00:01,16.4|27.0|7.45|7.42|7.62|7.57|7.51|15.9|7.79|8.2|7.72,10.961818181818183
www.etsy.com,05-25-2020,22:00:01,10.5|13.9|8.56|8.52|7.86|17.5|7.73|7.46|9.02|7.62|7.92,9.69
www.etsy.com,05-26-2020,10:00:02,12.2|12.1|7.61|11.7|11.2|10.8|8.36|7.97|8.26|8.87|7.62,9.699090909090911
www.etsy.com,05-26-2020,10:00:02,11.6|12.0|7.27|7.76|7.67|8.67|7.51|7.86|7.77|7.86|10.5,8.77
www.etsy.com,05-26-2020,22:00:01,12.3|10.9|7.97|8.17|8.27|7.46|7.62|8.37|7.82|7.57|7.92,8.579090909090908
www.etsy.com,05-26-2020,22:00:01,13.2|11.1|7.6|7.57|7.61|11.8|13.0|8.77|8.12|7.96|7.87,9.50909090909091
