www.reddit.com,05-13-2020,14:38:49,12.2|19.3|17.2|19.2|18.0|18.6|16.9|18.0|18.9|16.9|17.0,17.472727272727273
www.reddit.com,05-13-2020,14:38:49,16.9|18.1|19.0|17.5|17.4|19.9|18.7|14.7|17.3|17.7|18.4,17.78181818181818
www.reddit.com,05-13-2020,18:28:04,11.9|12.4|17.7|16.6|13.0|14.0|13.7|14.2|13.6|14.8|13.0,14.081818181818182
www.reddit.com,05-13-2020,18:28:04,13.5|15.6|13.8|13.8|14.6|12.4|13.8|15.7|13.9|14.8|13.1,14.090909090909092
www.reddit.com,05-14-2020,14:38:45,15.1|15.4|15.5|19.5|13.7|15.1|15.3,15.657142857142857
www.reddit.com,05-14-2020,14:38:45,13.2|15.5|14.7|15.9|14.5|16.3|14.4|12.5|14.3|12.0|14.9,14.381818181818183
www.reddit.com,05-14-2020,18:29:04,10.6|14.7|15.3|16.8|13.8|15.6|14.2|13.6|13.6|15.8|15.5,14.5
www.reddit.com,05-14-2020,18:29:04,10.8|12.5|25.3|13.5|13.4|13.5|13.8|13.4|13.4|12.6|14.6,14.254545454545452
www.reddit.com,05-15-2020,14:40:01,13.0|143.0|14.5|14.2|22.9|14.3|13.8|13.8|15.3|14.6|14.8,26.74545454545455
www.reddit.com,05-15-2020,14:40:01,12.6|11.5|13.9|13.5|13.4|12.5|12.4|13.3|12.6|13.3|13.7,12.97272727272727
www.reddit.com,05-15-2020,18:27:44,12.4|11.4|12.5|13.5|12.7|14.4|12.6|12.6|12.3|13.3|13.4,12.827272727272726
www.reddit.com,05-15-2020,18:27:44,10.9|14.9|14.8|12.2|14.4|13.5|14.5|13.9|12.3|12.2|15.4,13.545454545454545
www.reddit.com,05-16-2020,14:39:41,12.4|13.1|15.4|15.1|15.5|13.8|15.4|13.5|13.5|14.4|17.7,14.527272727272726
www.reddit.com,05-16-2020,14:39:41,15.0|17.4|15.3|17.3|16.1|18.6|15.4|14.1|13.2|14.5|16.3,15.745454545454544
www.reddit.com,05-16-2020,18:28:10,21.1|19.2|12.7|14.8|15.9|19.7|19.1|16.2|14.8|17.4|18.7,17.236363636363635
www.reddit.com,05-16-2020,18:28:10,11.9|14.7|15.3|15.7|19.5|14.1|14.3|13.2|14.2|16.4|15.3,14.963636363636367
www.reddit.com,05-17-2020,14:38:31,9.95|11.0|12.4|11.5|12.2|10.3|10.6|9.55|10.8|11.3|11.6,11.018181818181818
www.reddit.com,05-17-2020,14:38:31,9.66|11.5|10.9|12.0|11.5|11.7|11.7|12.5|10.6|10.5|10.5,11.187272727272727
www.reddit.com,05-17-2020,18:28:07,13.8|19.9|17.7|13.8|16.4|15.7|17.4|17.1|15.4|18.0|18.6,16.70909090909091
www.reddit.com,05-17-2020,18:28:07,14.9|16.6|16.6|15.1|15.6|16.5|13.5|13.1|17.2|17.5|17.6,15.836363636363636
www.reddit.com,05-18-2020,14:38:41,13.0|13.0|14.8|12.0|13.2|14.4|14.2|14.6|13.9|14.3|13.3,13.700000000000001
www.reddit.com,05-18-2020,14:38:41,13.7|14.1|14.2|13.9|11.5|15.5|12.8|14.7|14.8|14.9|12.9,13.909090909090908
www.reddit.com,05-18-2020,18:27:53,14.9|18.8|18.3|17.2|18.8|19.7|17.0|17.9|15.8|20.4|15.3,17.64545454545455
www.reddit.com,05-18-2020,18:27:53,13.7|17.6|17.9|18.8|20.1|16.7|18.9|17.5|15.1|16.3|17.3,17.263636363636365
www.reddit.com,05-19-2020,14:43:15,30.8|29.8|30.8|30.5|29.4|32.1|28.8|30.2|30.3|30.3|29.3,30.20909090909091
www.reddit.com,05-19-2020,14:43:15,29.1|31.5|35.7|30.8|29.0|34.5|29.7|30.8|34.3|31.1|35.0,31.954545454545453
www.reddit.com,05-19-2020,18:28:07,16.3|12.2|11.9|12.2|11.3|14.8|21.8|11.6|13.3|11.8|13.3,13.681818181818182
www.reddit.com,05-19-2020,18:28:07,9.83|11.4|12.9|14.8|13.4|12.5|14.5|13.6|13.0|12.8|14.3,13.002727272727276
www.reddit.com,05-20-2020,14:41:45,31.6|34.4|36.5|44.8|40.8|37.6|35.3|35.9|35.5|39.0|35.7,37.00909090909091
www.reddit.com,05-20-2020,14:41:45,34.0|37.0|33.9|36.0|34.7|33.5|36.1|34.2|35.0|35.2|36.4,35.090909090909086
www.reddit.com,05-20-2020,18:29:12,31.2|30.3|38.4|30.5|30.2|30.4|32.2|29.4|31.7|30.5|35.9,31.88181818181818
www.reddit.com,05-20-2020,18:29:12,30.2|33.2|35.2|30.6|33.1|30.4|31.4|29.3|32.3|37.1|32.3,32.28181818181819
www.reddit.com,05-21-2020,14:39:40,32.7|32.6|32.9|33.6|32.2|33.7|34.9|32.1|33.5|31.8|34.3,33.118181818181824
www.reddit.com,05-21-2020,14:39:40,33.8|32.4|34.3|32.8|33.3|31.2|33.5|42.7|31.9|32.0|35.6,33.95454545454545
www.reddit.com,05-21-2020,18:31:25,11.9|13.9|17.6|17.1|15.0|22.2|16.7|17.7|21.6|17.1|17.4,17.10909090909091
www.reddit.com,05-21-2020,18:31:25,13.5|19.4|14.8|16.9|14.9|18.2|16.7|17.7|26.2|15.5|18.2,17.454545454545453
www.reddit.com,05-21-2020,21:00:35,14.0|38.5|12.6|13.2|12.8|16.3|11.5|11.4|13.7|12.4|14.0,15.490909090909092
www.reddit.com,05-21-2020,21:00:35,11.8|14.0|12.3|12.5|19.7|13.6|16.1|12.7|38.5|16.2|12.8,16.38181818181818
www.reddit.com,05-22-2020,18:27:49,13.2|11.6|15.7|30.8|13.9|14.1|14.4|18.0|14.3|12.9|14.3,15.745454545454548
www.reddit.com,05-22-2020,18:27:49,14.8|13.6|14.8|14.6|13.7|13.6|15.5|15.5|14.0|31.6|14.1,15.98181818181818
www.reddit.com,05-23-2020,14:39:37,15.6|19.3|21.2|18.3|20.5|20.6|20.2|20.2|19.6|23.9|21.2,20.054545454545455
www.reddit.com,05-23-2020,14:39:37,12.7|17.3|277.0|17.1|14.5|20.0|16.4|15.3|17.0|15.1|15.1,39.77272727272728
www.reddit.com,05-23-2020,18:29:07,13.9|29.6|26.7|13.1|13.5|12.6|12.7|31.7|14.2|12.3|12.9,17.563636363636366
www.reddit.com,05-23-2020,18:29:07,9.7|12.5|13.3|14.5|15.6|15.4|12.2|13.7|14.9|13.9|13.0,13.51818181818182
www.reddit.com,05-24-2020,14:40:22,13.7|14.6|13.7|20.4|15.7|14.6|15.6|15.5|14.8|15.1|14.4,15.281818181818181
www.reddit.com,05-24-2020,14:40:22,10.9|13.5|15.7|36.3|14.4|15.0|16.4|13.2|14.4|15.4,16.520000000000003
www.reddit.com,05-24-2020,18:28:22,15.6|15.8|30.1|18.2|27.1|20.3|22.9|15.8|16.9|19.1|17.2,19.90909090909091
www.reddit.com,05-24-2020,18:28:22,14.3|17.5|16.3|14.8|21.5|14.4|15.6|14.7|15.8|14.7|15.5,15.918181818181818
www.reddit.com,05-25-2020,14:38:47,11.3|13.0|15.6|11.5|15.0|13.3|12.1|13.6|12.4|16.3|13.0,13.372727272727275
www.reddit.com,05-25-2020,14:38:47,12.0|14.4|12.9|13.0|13.2|15.6|17.2|11.8|15.1|14.6|13.6,13.945454545454544
www.reddit.com,05-25-2020,18:28:12,14.3|13.3|13.5|13.2|12.3|12.4|13.5|15.2|19.7|15.8|12.4,14.145454545454548
www.reddit.com,05-25-2020,18:28:12,11.7|15.3|13.2|12.9|13.3|15.5|13.4|12.5|13.9|14.7|12.4,13.52727272727273
www.reddit.com,05-26-2020,14:39:37,29.4|31.8|57.6|33.1|30.5|38.4|30.2|30.6|29.8|30.6|30.8,33.8909090909091
www.reddit.com,05-26-2020,14:39:37,44.1|29.9|30.1|31.7|30.4|30.8|46.6|30.7|28.6|30.1|32.6,33.23636363636364
