www.twitter.com,05-12-2020,00:01:12,39.6|39.9|39.0|39.0|38.8|39.5|39.4|39.8|38.9|38.6|39.1,39.23636363636364
www.twitter.com,05-12-2020,00:01:12,39.4|39.0|39.5|38.9|38.7|38.9|39.5|39.1|39.0|39.7|39.1,39.163636363636364
www.twitter.com,05-13-2020,16:30:09,32.9|32.5|39.8|31.9|32.4|32.4|32.6|32.1|32.8|32.0|35.0,33.30909090909091
www.twitter.com,05-13-2020,16:30:09,32.8|31.7|32.5|32.2|33.7|32.5|32.2|32.5|32.9|35.2|32.3,32.77272727272727
www.twitter.com,05-13-2020,18:41:32,32.8|32.6|35.6|32.8|32.8|34.6|32.6|32.4|41.7|32.9|32.4,33.92727272727273
www.twitter.com,05-13-2020,18:41:32,32.9|32.1|32.5|32.5|32.6|32.6|32.6|32.1|40.9|40.8|32.3,33.99090909090909
www.twitter.com,05-14-2020,16:30:17,40.3|38.7|38.9|38.7|39.8|38.9|39.2|39.9|39.6|38.8|40.7,39.40909090909091
www.twitter.com,05-14-2020,16:30:17,40.8|45.8|38.8|38.8|39.2|39.0|39.5|41.0|40.1|39.8|39.3,40.190909090909095
www.twitter.com,05-14-2020,18:41:48,39.4|39.5|40.9|39.0|38.8|39.2|40.1|40.3|38.9|38.7|39.3,39.46363636363637
www.twitter.com,05-14-2020,18:41:48,39.0|39.2|40.1|38.9|39.8|39.1|39.9|39.6|40.4|39.1|40.0,39.554545454545455
www.twitter.com,05-15-2020,16:30:14,39.1|38.6|39.2|40.3|38.9|39.5|40.1|41.5|40.1|38.8|39.3,39.581818181818186
www.twitter.com,05-15-2020,16:30:14,39.8|40.3|39.0|39.7|47.0|41.0|39.4|39.2|38.9|38.8|41.1,40.38181818181818
www.twitter.com,05-15-2020,18:42:32,34.2|32.4|33.5|31.9|32.9|32.6|31.8|32.6|32.2|32.4|32.9,32.672727272727265
www.twitter.com,05-15-2020,18:42:32,32.4|32.5|33.2|32.8|31.9|32.2|32.5|32.7|32.5|31.9|31.9,32.40909090909091
www.twitter.com,05-16-2020,16:30:11,39.5|39.5|39.4|40.2|39.1|39.8|41.0|39.4|40.4|39.1|39.3,39.699999999999996
www.twitter.com,05-16-2020,16:30:11,47.4|51.7|94.1|39.1|45.0|40.5|43.2|39.6|39.6|40.4|40.1,47.33636363636364
www.twitter.com,05-16-2020,18:43:10,33.4|39.1|33.8|32.8|33.3|32.5|32.9|32.6|35.5|32.3|33.2,33.76363636363636
www.twitter.com,05-16-2020,18:43:10,32.8|33.0|33.1|34.5|33.7|32.3|32.2|33.7|32.6|35.8|34.7,33.49090909090909
www.twitter.com,05-17-2020,16:30:04,40.0|39.6|39.3|39.2|39.1|41.7|39.5|40.5|38.6|39.4|40.1,39.72727272727273
www.twitter.com,05-17-2020,16:30:04,40.8|40.1|40.1|39.9|39.5|45.5|39.9|39.6|39.3|39.6|40.1,40.400000000000006
www.twitter.com,05-17-2020,18:41:37,32.3|33.8|32.4|33.6|31.8|32.5|32.3|45.4|32.3|34.8|32.1,33.936363636363645
www.twitter.com,05-17-2020,18:41:37,33.4|35.1|33.9|31.6|33.4|32.2|31.7|33.0|33.6|33.1|39.0,33.63636363636364
www.twitter.com,05-18-2020,16:30:15,41.0|38.8|42.6|40.7|58.4|38.8|38.9|38.8|39.4|43.4|38.6,41.76363636363636
www.twitter.com,05-18-2020,16:30:15,38.9|39.1|38.5|41.1|39.6|41.7|40.3|38.9|39.2|39.6|40.3,39.74545454545455
www.twitter.com,05-18-2020,18:42:36,39.1|39.2|47.4|39.7|41.5|39.1|39.6|40.6|39.2|39.5|38.9,40.345454545454544
www.twitter.com,05-18-2020,18:42:36,38.8|41.3|38.9|39.4|39.4|39.0|38.5|41.2|39.0|39.1|39.0,39.41818181818182
www.twitter.com,05-19-2020,16:30:19,40.3|40.2|40.6|39.3|39.5|49.4|39.8|57.8|39.2|42.0|46.6,43.154545454545456
www.twitter.com,05-19-2020,16:30:19,39.4|38.7|41.5|38.7|38.9|39.7|39.6|39.2|39.2|38.7|41.0,39.50909090909091
www.twitter.com,05-19-2020,18:42:54,39.8|39.5|39.5|39.1|39.1|40.4|38.7|39.9|39.0|38.9|39.4,39.39090909090908
www.twitter.com,05-19-2020,18:42:54,39.5|38.4|41.6|39.9|39.4|40.4|39.1|40.0|40.5|48.9|39.9,40.69090909090908
