www.webmd.com,05-12-2020,00:01:12,9.24|10.4|9.27|8.79|10.8|10.1|15.4|11.4|9.36|10.4|10.8,10.541818181818183
www.webmd.com,05-12-2020,00:01:12,10.4|9.98|9.81|11.3|9.73|10.1|9.47|10.7|9.47|9.95|9.01,9.992727272727274
www.webmd.com,05-13-2020,16:30:09,9.22|9.45|11.7|11.6|10.2|9.74|11.2|10.3|10.9|9.02|17.7,11.002727272727272
www.webmd.com,05-13-2020,16:30:09,13.1|10.6|10.6|11.5|10.1|9.53|10.2|17.2|19.8|19.8|9.6,12.911818181818182
www.webmd.com,05-13-2020,18:41:32,9.7|10.1|10.5|8.76|10.3|8.92|8.84|9.19|8.84|10.3|9.75,9.563636363636364
www.webmd.com,05-13-2020,18:41:32,15.6|9.3|12.2|12.0|9.72|9.58|9.77|9.79|11.6|10.3|9.95,10.89181818181818
www.webmd.com,05-14-2020,16:30:17,10.4|10.4|9.97|10.4|11.2|10.0|11.0|9.62|9.74|9.54|11.4,10.333636363636362
www.webmd.com,05-14-2020,16:30:17,11.3|9.79|9.56|9.21|11.1|9.88|10.3|9.64|9.94|16.1|9.6,10.583636363636362
www.webmd.com,05-14-2020,18:41:48,10.3|10.5|9.69|10.7|9.73|16.1|9.61|9.86|9.91|11.7|9.8,10.718181818181817
www.webmd.com,05-14-2020,18:41:48,9.61|8.88|9.39|9.97|9.12|9.71|9.5|11.2|9.51|10.1|11.0,9.817272727272726
www.webmd.com,05-15-2020,16:30:14,10.8|12.0|10.4|11.6|9.4|11.3|10.7|10.7|10.1|11.0|9.45,10.677272727272728
www.webmd.com,05-15-2020,16:30:14,26.9|9.62|11.2|9.62|9.76|13.0|9.88|17.8|11.5|42.0|16.7,16.18
www.webmd.com,05-15-2020,18:42:32,9.67|9.0|10.0|8.35|10.5|10.8|9.93|10.0|9.84|9.59|9.74,9.765454545454546
www.webmd.com,05-15-2020,18:42:32,9.77|9.28|9.8|8.98|9.71|9.61|10.4|9.66|10.5|9.51|10.3,9.774545454545455
www.webmd.com,05-16-2020,16:30:11,11.8|9.99|11.5|11.5|9.75|10.8|10.0|9.83|62.7|9.96|11.2,15.366363636363637
www.webmd.com,05-16-2020,16:30:11,10.0|9.78|53.9|9.36|10.6|19.0|10.9|9.85|10.7|12.6|10.1,15.162727272727269
www.webmd.com,05-16-2020,18:43:10,10.8|11.9|9.56|9.2|11.2|9.43|10.5|10.1|8.82|9.52|9.92,10.086363636363636
www.webmd.com,05-16-2020,18:43:10,9.95|9.21|10.8|8.75|10.5|11.2|9.72|10.3|10.1|9.17|10.2,9.990909090909092
www.webmd.com,05-17-2020,16:30:04,9.4|9.98|10.8|9.51|10.3|9.89|9.99|17.0|11.0|10.2|10.6,10.788181818181819
www.webmd.com,05-17-2020,16:30:04,10.7|10.0|8.85|9.88|10.1|9.76|9.94|10.6|10.4|9.6|17.5,10.666363636363636
www.webmd.com,05-17-2020,18:41:37,12.7|11.0|11.7|10.3|12.3|10.1|10.1|11.1|10.0|26.0|9.31,12.237272727272726
www.webmd.com,05-17-2020,18:41:37,12.4|10.5|9.25|9.96|9.23|9.18|11.7|9.68|10.2|9.15|9.29,10.04909090909091
www.webmd.com,05-18-2020,16:30:15,10.1|11.2|9.73|15.9|12.4|11.0|9.46|9.93|9.42|24.2|13.8,12.467272727272729
www.webmd.com,05-18-2020,16:30:15,12.3|9.31|10.5|10.5|11.4|9.91|9.46|10.8|11.1|9.81|8.82,10.355454545454545
www.webmd.com,05-18-2020,18:42:36,9.99|8.89|8.97|9.82|9.86|10.0|9.57|18.5|22.3|50.4|9.78,15.28
www.webmd.com,05-18-2020,18:42:36,11.8|14.9|14.8|12.7|9.91|9.61|10.3|9.83|9.88|9.53|11.1,11.305454545454545
www.webmd.com,05-19-2020,16:30:19,11.9|11.3|8.91|10.6|10.6|8.78|10.1|9.66|9.51|9.94|123.0,20.39090909090909
www.webmd.com,05-19-2020,16:30:19,9.9|11.6|11.4|9.23|10.0|9.96|9.94|9.8|9.51|10.3|10.0,10.14909090909091
www.webmd.com,05-19-2020,18:42:54,10.5|10.5|11.1|11.5|10.3|9.49|8.94|10.7|11.3|8.84|11.5,10.424545454545454
www.webmd.com,05-19-2020,18:42:54,11.3|10.2|10.3|9.5|9.56|9.89|11.3|10.4|10.2|12.7|9.39,10.430909090909092
