www.etsy.com,05-12-2020,00:01:12,10.4|9.45|8.87|11.0|8.93|9.45|8.65|9.42|10.3|19.1|8.81,10.398181818181818
www.etsy.com,05-12-2020,00:01:12,11.4|9.51|9.15|11.3|9.09|18.7|9.01|9.87|9.19|10.3|8.69,10.564545454545454
www.etsy.com,05-13-2020,16:30:09,11.5|10.0|9.09|8.91|23.2|10.1|9.31|10.2|8.99|9.05|8.68,10.82090909090909
www.etsy.com,05-13-2020,16:30:09,9.19|10.0|9.5|8.49|8.83|9.13|8.95|9.06|10.0|9.57|9.19,9.264545454545454
www.etsy.com,05-13-2020,18:41:32,9.35|8.69|9.17|11.9|8.66|9.18|9.09|9.05|8.64|9.63|10.3,9.423636363636364
www.etsy.com,05-13-2020,18:41:32,9.12|16.2|8.52|9.29|9.08|8.7|12.4|9.81|9.17|8.86|9.3,10.040909090909091
www.etsy.com,05-14-2020,16:30:17,11.9|16.4|9.23|9.76|8.82|8.81|9.87|8.72|11.3|9.85|10.4,10.459999999999999
www.etsy.com,05-14-2020,16:30:17,10.4|10.1|9.8|8.8|9.37|10.6|8.78|9.31|9.74|8.78|8.77,9.495454545454544
www.etsy.com,05-14-2020,18:41:48,9.54|9.59|9.64|8.78|9.38|9.08|10.0|8.83|10.4|9.7|9.59,9.502727272727274
www.etsy.com,05-14-2020,18:41:48,9.72|9.87|11.5|10.4|16.7|9.85|8.4|9.3|9.85|9.27|8.56,10.31090909090909
www.etsy.com,05-15-2020,16:30:14,9.66|10.1|10.2|11.1|9.35|8.77|11.1|9.73|9.06|9.75|10.0,9.892727272727273
www.etsy.com,05-15-2020,16:30:14,9.66|10.3|26.7|10.6|10.0|9.3|9.72|8.7|9.58|9.45|8.92,11.175454545454544
www.etsy.com,05-15-2020,18:42:32,9.18|9.2|9.1|8.89|8.89|8.57|9.08|8.56|9.91|9.88|9.39,9.149999999999999
www.etsy.com,05-15-2020,18:42:32,9.17|9.19|9.4|9.54|9.61|9.01|9.41|8.68|8.36|11.3|9.6,9.388181818181817
www.etsy.com,05-16-2020,16:30:11,9.01|9.19|9.41|9.2|9.47|8.6|10.9|8.98|9.21|9.19|9.16,9.30181818181818
www.etsy.com,05-16-2020,16:30:11,9.41|9.16|9.1|9.93|9.42|11.2|8.83|11.5|62.1|8.9|8.76,14.391818181818183
www.etsy.com,05-16-2020,18:43:10,9.13|9.35|9.33|9.99|8.81|9.02|10.0|8.9|8.87|8.78|8.95,9.193636363636365
www.etsy.com,05-16-2020,18:43:10,11.3|9.05|8.94|9.52|9.13|9.35|9.02|9.62|9.43|8.99|10.3,9.513636363636364
www.etsy.com,05-17-2020,16:30:04,9.32|9.35|10.2|9.34|11.3|11.5|9.24|8.63|8.78|10.2|18.4,10.569090909090908
www.etsy.com,05-17-2020,16:30:04,9.28|9.69|9.08|8.93|10.3|9.35|11.3|8.7|9.36|10.0|9.41,9.58181818181818
www.etsy.com,05-17-2020,18:41:37,10.4|11.2|9.7|9.05|9.33|10.0|8.88|8.96|8.49|9.46|10.2,9.606363636363637
www.etsy.com,05-17-2020,18:41:37,8.81|8.81|8.72|10.5|9.86|8.89|9.89|10.5|8.52|8.75|9.1,9.304545454545455
www.etsy.com,05-18-2020,16:30:15,9.14|8.91|16.8|9.51|9.66|9.74|12.1|8.83|11.1|9.65|8.69,10.375454545454545
www.etsy.com,05-18-2020,16:30:15,9.49|10.0|8.56|8.84|9.28|8.98|8.3|9.99|8.9|8.84|9.3,9.134545454545455
www.etsy.com,05-18-2020,18:42:36,10.5|9.47|9.13|8.7|10.0|9.14|8.93|9.63|9.48|9.36|9.06,9.4
www.etsy.com,05-18-2020,18:42:36,10.2|8.94|9.25|8.94|10.0|9.65|8.76|10.9|9.77|8.99|8.7,9.463636363636363
www.etsy.com,05-19-2020,16:30:19,9.32|10.9|9.09|9.18|9.13|9.87|8.67|9.8|8.81|10.3|9.05,9.465454545454545
www.etsy.com,05-19-2020,16:30:19,9.75|9.79|8.94|9.2|10.4|8.97|9.0|8.65|9.49|8.65|9.11,9.268181818181818
www.etsy.com,05-19-2020,18:42:54,9.04|9.23|10.7|10.1|8.75|9.88|10.0|10.2|9.11|10.5|9.24,9.704545454545453
www.etsy.com,05-19-2020,18:42:54,9.32|9.45|9.09|10.8|10.6|9.3|28.8|9.4|31.5|10.0|9.65,13.446363636363635
