www.orange.fr,05-12-2020,00:01:12,121.0|125.0|118.0|119.0|120.0|118.0|119.0|118.0|118.0|118.0|119.0,119.36363636363636
www.orange.fr,05-12-2020,00:01:12,119.0|118.0|119.0|118.0|118.0|119.0|118.0|120.0|125.0|119.0|120.0,119.36363636363636
www.orange.fr,05-13-2020,16:30:09,119.0|120.0|118.0|119.0|120.0|119.0|121.0|119.0|119.0|119.0|118.0,119.18181818181819
www.orange.fr,05-13-2020,16:30:09,119.0|119.0|119.0|119.0|121.0|120.0|127.0|126.0|124.0|123.0|122.0,121.72727272727273
www.orange.fr,05-13-2020,18:41:32,119.0|119.0|119.0|118.0|119.0|119.0|126.0|121.0|118.0|125.0|118.0,120.0909090909091
www.orange.fr,05-13-2020,18:41:32,119.0|119.0|120.0|118.0|119.0|119.0|119.0|119.0|120.0|119.0|119.0,119.0909090909091
www.orange.fr,05-14-2020,16:30:17,119.0|119.0|118.0|118.0|119.0|119.0|120.0|119.0|118.0|120.0|119.0,118.9090909090909
www.orange.fr,05-14-2020,16:30:17,119.0|119.0|120.0|119.0|119.0|119.0|128.0|118.0|120.0|119.0|119.0,119.9090909090909
www.orange.fr,05-14-2020,18:41:48,120.0|118.0|119.0|119.0|119.0|119.0|118.0|119.0|146.0|119.0|119.0,121.36363636363636
www.orange.fr,05-14-2020,18:41:48,119.0|119.0|119.0|119.0|118.0|119.0|119.0|123.0|120.0|119.0|119.0,119.36363636363636
www.orange.fr,05-15-2020,16:30:14,119.0|121.0|119.0|119.0|120.0|122.0|120.0|121.0|119.0|127.0|119.0,120.54545454545455
www.orange.fr,05-15-2020,16:30:14,121.0|120.0|122.0|119.0|119.0|127.0|119.0|119.0|120.0|121.0|118.0,120.45454545454545
www.orange.fr,05-15-2020,18:42:32,119.0|120.0|119.0|119.0|119.0|119.0|118.0|118.0|119.0|119.0|119.0,118.9090909090909
www.orange.fr,05-15-2020,18:42:32,119.0|120.0|118.0|119.0|118.0|119.0|119.0|119.0|119.0|119.0|119.0,118.9090909090909
www.orange.fr,05-16-2020,16:30:11,120.0|119.0|120.0|119.0|119.0|122.0|119.0|119.0|125.0|121.0|119.0,120.18181818181819
www.orange.fr,05-16-2020,16:30:11,119.0|121.0|119.0|119.0|119.0|177.0|118.0|118.0|119.0|119.0|118.0,124.18181818181819
www.orange.fr,05-16-2020,18:43:10,119.0|118.0|129.0|119.0|119.0|131.0|118.0|118.0|119.0|119.0|119.0,120.72727272727273
www.orange.fr,05-16-2020,18:43:10,119.0|118.0|119.0|120.0|119.0|120.0|118.0|119.0|119.0|119.0|119.0,119.0
www.orange.fr,05-17-2020,16:30:04,121.0|119.0|119.0|119.0|148.0|121.0|119.0|120.0|120.0|120.0|119.0,122.27272727272727
www.orange.fr,05-17-2020,16:30:04,119.0|118.0|119.0|119.0|119.0|120.0|120.0|119.0|119.0|118.0|121.0,119.18181818181819
www.orange.fr,05-17-2020,18:41:37,120.0|121.0|118.0|118.0|119.0|119.0|121.0|119.0|120.0|119.0|118.0,119.27272727272727
www.orange.fr,05-17-2020,18:41:37,119.0|119.0|119.0|119.0|119.0|125.0|126.0|125.0|123.0|122.0|121.0,121.54545454545455
www.orange.fr,05-18-2020,16:30:15,119.0|119.0|119.0|120.0|119.0|120.0|119.0|125.0|129.0|127.0|118.0,121.27272727272727
www.orange.fr,05-18-2020,16:30:15,120.0|119.0|118.0|119.0|119.0|119.0|119.0|119.0|119.0|119.0|119.0,119.0
www.orange.fr,05-18-2020,18:42:36,119.0|119.0|119.0|120.0|121.0|127.0|150.0|119.0|119.0|119.0|119.0,122.81818181818181
www.orange.fr,05-18-2020,18:42:36,119.0|120.0|118.0|119.0|119.0|119.0|119.0|126.0|125.0|123.0|122.0,120.81818181818181
www.orange.fr,05-19-2020,16:30:19,118.0|119.0|131.0|119.0|147.0|119.0|118.0|157.0|125.0|119.0|118.0,126.36363636363636
www.orange.fr,05-19-2020,16:30:19,120.0|206.0|155.0|119.0|119.0|119.0|119.0|184.0|122.0|119.0|119.0,136.45454545454547
www.orange.fr,05-19-2020,18:42:54,120.0|126.0|129.0|123.0|136.0|119.0|146.0|120.0|118.0|118.0|119.0,124.9090909090909
www.orange.fr,05-19-2020,18:42:54,119.0|119.0|118.0|119.0|118.0|210.0|118.0|120.0|119.0|119.0|119.0,127.0909090909091
