www.fda.gov,05-12-2020,00:01:12,9.33|10.4|10.8|10.1|9.45|12.1|9.74|9.55|19.4|9.56|12.4,11.166363636363638
www.fda.gov,05-12-2020,00:01:12,16.5|10.7|9.74|10.2|9.29|9.66|9.19|9.86|9.8|9.42|9.87,10.384545454545455
www.fda.gov,05-13-2020,16:30:09,9.81|9.8|9.53|10.3|9.92|10.3|10.0|9.66|9.85|10.9|9.47,9.958181818181817
www.fda.gov,05-13-2020,16:30:09,9.82|9.82|9.82|9.73|10.9|10.4|10.8|9.66|10.1|10.2|11.0,10.204545454545455
www.fda.gov,05-13-2020,18:41:32,9.89|9.95|10.2|10.7|9.65|9.74|10.1|9.64|9.81|11.1|10.6,10.125454545454545
www.fda.gov,05-13-2020,18:41:32,9.59|9.73|10.0|10.4|10.0|10.1|9.44|9.37|9.43|9.11|10.1,9.751818181818182
www.fda.gov,05-14-2020,16:30:17,10.0|10.8|9.48|10.8|11.4|11.3|11.2|11.3|10.0|11.4|10.2,10.716363636363637
www.fda.gov,05-14-2020,16:30:17,12.1|9.38|10.5|9.32|9.83|10.9|10.7|10.5|10.0|11.2|9.52,10.359090909090908
www.fda.gov,05-14-2020,18:41:48,10.1|10.0|10.1|9.83|10.4|9.89|9.64|9.69|10.3|9.28|9.81,9.912727272727274
www.fda.gov,05-14-2020,18:41:48,9.48|10.8|9.82|9.98|9.43|9.33|11.9|10.4|9.86|10.0|11.6,10.236363636363636
www.fda.gov,05-15-2020,16:30:14,34.2|9.89|12.7|12.1|9.56|9.5|10.6|9.55|9.3|10.3|10.3,12.545454545454545
www.fda.gov,05-15-2020,16:30:14,18.5|10.2|12.4|9.85|10.6|9.96|12.6|10.5|14.2|10.3|14.7,12.164545454545454
www.fda.gov,05-15-2020,18:42:32,10.4|10.4|9.06|10.1|9.81|10.1|10.1|9.69|10.1|10.1|9.56,9.947272727272725
www.fda.gov,05-15-2020,18:42:32,10.8|9.61|9.99|10.4|9.89|10.1|9.26|9.94|9.22|9.52|9.88,9.873636363636363
www.fda.gov,05-16-2020,16:30:11,9.69|10.5|9.66|9.65|13.6|9.77|63.6|11.0|9.75|11.8|10.8,15.43818181818182
www.fda.gov,05-16-2020,16:30:11,11.9|9.39|10.6|9.52|9.58|9.86|42.1|10.3|11.0|9.53|9.33,13.010000000000002
www.fda.gov,05-16-2020,18:43:10,10.3|10.0|9.81|9.45|10.0|9.45|10.0|10.7|9.89|9.36|9.35,9.846363636363636
www.fda.gov,05-16-2020,18:43:10,13.1|14.5|11.4|9.85|16.9|15.5|18.6|12.7|10.2|10.0|14.9,13.422727272727274
www.fda.gov,05-17-2020,16:30:04,9.99|10.2|9.8|10.5|10.4|10.3|16.6|9.5|11.3|9.39|9.77,10.704545454545453
www.fda.gov,05-17-2020,16:30:04,10.3|9.1|10.2|11.3|10.5|10.4|9.93|9.5|9.56|10.0|10.4,10.108181818181817
www.fda.gov,05-17-2020,18:41:37,9.9|10.3|9.11|9.99|9.95|10.9|11.0|9.87|9.22|11.4|9.71,10.122727272727275
www.fda.gov,05-17-2020,18:41:37,11.2|10.1|10.5|10.0|9.79|9.69|9.76|9.66|9.75|12.9|10.7,10.368181818181817
www.fda.gov,05-18-2020,16:30:15,11.8|9.84|10.1|17.9|12.5|11.4|11.4|10.8|11.0|10.9|9.34,11.543636363636365
www.fda.gov,05-18-2020,16:30:15,9.74|9.99|9.88|9.61|9.63|10.4|9.09|9.47|10.2|12.0|10.2,10.01909090909091
www.fda.gov,05-18-2020,18:42:36,10.1|10.7|11.2|10.8|10.1|11.5|10.3|10.6|9.58|10.6|9.9,10.489090909090908
www.fda.gov,05-18-2020,18:42:36,12.0|10.0|10.6|11.0|10.8|10.2|9.61|9.93|10.0|10.9|9.97,10.455454545454545
www.fda.gov,05-19-2020,16:30:19,10.7|10.3|9.74|10.2|9.88|10.3|9.76|9.29|9.74|9.49|9.4,9.890909090909089
www.fda.gov,05-19-2020,16:30:19,9.94|10.8|49.7|10.3|9.83|9.4|9.75|10.2|10.1|9.78|10.7,13.681818181818182
www.fda.gov,05-19-2020,18:42:54,10.9|9.16|9.97|10.4|11.1|10.1|10.1|9.49|9.58|9.28|9.65,9.975454545454546
www.fda.gov,05-19-2020,18:42:54,10.1|10.1|11.0|10.2|10.3|9.5|10.5|9.4|9.91|9.81|11.0,10.165454545454544
