www.facebook.com,05-12-2020,00:01:12,17.7|14.4|20.9|11.6|11.4|12.8|10.1|9.88|9.83|9.03|8.92,12.414545454545454
www.facebook.com,05-12-2020,00:01:12,8.67|10.1|11.6|9.0|8.78|8.82|15.3|11.2|8.49|9.67|10.7,10.211818181818181
www.facebook.com,05-13-2020,16:30:09,9.32|11.0|10.2|11.6|9.06|10.0|10.2|8.92|8.47|8.89|8.99,9.695454545454545
www.facebook.com,05-13-2020,16:30:09,8.8|9.07|9.59|8.95|9.96|11.5|10.4|5.86|10.1|8.99|9.0,9.292727272727271
www.facebook.com,05-13-2020,18:41:32,9.49|8.77|9.12|9.36|9.17|10.2|9.47|10.0|9.24|8.75|8.52,9.28090909090909
www.facebook.com,05-13-2020,18:41:32,11.2|9.69|8.55|8.92|9.06|9.68|9.45|12.3|10.5|15.6|8.6,10.32272727272727
www.facebook.com,05-14-2020,16:30:17,8.76|8.68|8.97|10.0|8.96|11.7|8.88|14.5|8.92|9.04|9.75,9.832727272727272
www.facebook.com,05-14-2020,16:30:17,8.95|9.75|9.37|8.86|17.1|15.3|9.08|9.43|9.14|9.01|9.92,10.537272727272729
www.facebook.com,05-14-2020,18:41:48,9.88|9.3|9.02|9.26|8.58|10.7|10.1|10.2|8.59|8.84|8.68,9.377272727272727
www.facebook.com,05-14-2020,18:41:48,9.32|9.38|8.57|9.15|9.27|9.42|9.06|10.2|9.54|10.2|11.3,9.582727272727272
www.facebook.com,05-15-2020,16:30:14,32.6|10.8|16.0|10.7|10.7|9.19|8.68|8.38|8.79|9.02|9.48,12.212727272727273
www.facebook.com,05-15-2020,16:30:14,9.08|9.61|11.0|8.92|9.15|8.83|9.88|10.9|9.37|10.3|10.8,9.803636363636365
www.facebook.com,05-15-2020,18:42:32,9.91|9.35|9.6|9.56|9.74|8.91|8.71|9.78|9.13|9.09|8.73,9.31909090909091
www.facebook.com,05-15-2020,18:42:32,8.89|8.9|9.19|8.67|8.81|9.52|9.57|9.05|9.15|8.76|8.75,9.023636363636363
www.facebook.com,05-16-2020,16:30:11,10.0|9.54|9.18|8.85|9.14|10.6|9.74|9.4|10.5|10.2|8.93,9.643636363636364
www.facebook.com,05-16-2020,16:30:11,9.0|8.7|8.87|11.0|8.77|8.46|9.81|8.74|9.74|11.3|10.8,9.56272727272727
www.facebook.com,05-16-2020,18:43:10,9.17|8.74|10.5|11.1|8.92|9.84|9.11|10.4|9.35|10.0|9.16,9.662727272727272
www.facebook.com,05-16-2020,18:43:10,9.66|9.11|11.1|10.3|9.99|9.89|10.1|9.24|9.33|26.4|11.9,11.547272727272729
www.facebook.com,05-17-2020,16:30:04,9.2|35.2|9.49|8.95|9.51|8.8|8.92|9.43|8.93|8.71|9.31,11.495454545454548
www.facebook.com,05-17-2020,16:30:04,9.58|8.72|9.51|9.76|9.66|8.63|9.63|8.7|10.7|9.02|9.2,9.373636363636363
www.facebook.com,05-17-2020,18:41:37,9.41|8.59|9.43|8.58|10.9|9.97|9.26|27.0|53.1|9.05|8.64,14.902727272727274
www.facebook.com,05-17-2020,18:41:37,10.1|8.76|9.2|8.7|16.5|9.71|23.0|9.17|9.9|9.2|8.83,11.18818181818182
www.facebook.com,05-18-2020,16:30:15,9.92|11.1|9.06|9.55|9.55|9.84|8.59|11.2|9.67|9.34|9.63,9.768181818181818
www.facebook.com,05-18-2020,16:30:15,9.76|10.3|8.54|8.88|10.6|8.77|10.6|9.12|9.12|9.44|8.82,9.45
www.facebook.com,05-18-2020,18:42:36,8.64|8.63|8.88|11.7|10.2|8.47|10.7|8.59|8.71|61.4|8.91,14.075454545454546
www.facebook.com,05-18-2020,18:42:36,9.32|9.55|8.85|10.0|9.72|9.92|9.03|8.93|9.1|9.39|9.02,9.348181818181816
www.facebook.com,05-19-2020,16:30:19,9.5|10.3|9.15|9.17|16.5|16.5|9.15|8.74|8.48|9.03|8.79,10.482727272727272
www.facebook.com,05-19-2020,16:30:19,8.84|9.95|8.53|8.52|9.31|8.66|8.44|8.98|8.67|8.39|8.9,8.835454545454546
www.facebook.com,05-19-2020,18:42:54,9.31|9.63|9.03|8.57|11.1|9.15|9.58|8.94|9.2|10.3|8.87,9.425454545454546
www.facebook.com,05-19-2020,18:42:54,8.59|9.41|10.4|9.81|8.72|10.8|8.97|8.79|8.69|9.34|13.5,9.72909090909091
