www.cnn.com,05-12-2020,00:01:12,8.82|9.2|8.57|8.72|9.4|9.23|9.24|8.67|9.02|9.28|10.5,9.15
www.cnn.com,05-12-2020,00:01:12,8.41|9.56|9.15|12.8|8.62|10.1|9.44|8.92|9.31|9.16|8.71,9.47090909090909
www.cnn.com,05-13-2020,16:30:09,9.69|9.15|10.9|10.6|13.4|8.82|8.99|8.79|8.81|10.8|16.9,10.622727272727273
www.cnn.com,05-13-2020,16:30:09,8.59|9.1|9.92|42.3|30.4|9.21|9.19|9.9|17.3|9.03|9.7,14.967272727272729
www.cnn.com,05-13-2020,18:41:32,9.21|8.6|8.8|8.52|9.18|8.45|8.9|10.4|8.72|9.0|8.88,8.969090909090909
www.cnn.com,05-13-2020,18:41:32,9.0|8.57|8.2|8.64|10.8|8.55|9.35|9.17|8.56|9.28|9.09,9.01909090909091
www.cnn.com,05-14-2020,16:30:17,9.79|12.2|8.68|9.66|9.09|9.44|8.5|9.88|9.42|8.63|9.26,9.504545454545456
www.cnn.com,05-14-2020,16:30:17,9.6|8.49|8.89|10.0|8.87|9.81|9.08|9.72|8.89|10.4|8.56,9.300909090909093
www.cnn.com,05-14-2020,18:41:48,9.35|8.83|8.47|9.36|9.67|9.27|9.71|9.28|8.98|8.84|15.9,9.787272727272729
www.cnn.com,05-14-2020,18:41:48,9.98|8.59|9.4|8.45|9.56|9.89|8.75|9.23|9.09|9.18|9.16,9.207272727272727
www.cnn.com,05-15-2020,16:30:14,9.56|10.1|9.95|10.4|12.0|9.05|9.13|10.3|11.1|9.78|9.88,10.113636363636363
www.cnn.com,05-15-2020,16:30:14,9.4|8.75|9.65|9.69|9.53|10.1|9.36|8.87|10.0|11.2|10.1,9.695454545454545
www.cnn.com,05-15-2020,18:42:32,9.9|9.03|8.76|8.35|9.63|9.5|8.67|8.63|8.41|9.95|8.65,9.043636363636365
www.cnn.com,05-15-2020,18:42:32,8.97|8.93|8.86|9.94|9.26|9.21|10.0|10.0|8.49|8.86|8.57,9.189999999999998
www.cnn.com,05-16-2020,16:30:11,9.18|8.86|11.0|9.85|9.81|10.5|10.2|10.3|8.68|8.91|8.98,9.66090909090909
www.cnn.com,05-16-2020,16:30:11,11.7|15.7|11.4|10.2|8.76|8.78|23.8|9.26|62.1|8.76|9.06,16.319999999999997
www.cnn.com,05-16-2020,18:43:10,8.95|9.86|8.69|15.8|8.62|8.76|9.26|9.5|8.45|8.84|8.7,9.584545454545456
www.cnn.com,05-16-2020,18:43:10,9.34|8.98|9.82|8.73|8.77|9.63|8.98|8.87|9.15|10.0|10.6,9.351818181818182
www.cnn.com,05-17-2020,16:30:04,8.93|8.47|8.71|9.33|9.31|9.12|9.4|9.43|9.01|8.81|8.84,9.032727272727273
www.cnn.com,05-17-2020,16:30:04,9.36|10.0|8.91|9.07|9.02|8.8|8.69|9.01|8.46|8.87|9.86,9.095454545454546
www.cnn.com,05-17-2020,18:41:37,9.1|8.72|8.64|17.3|9.04|8.88|8.95|10.1|10.3|9.35|11.5,10.17090909090909
www.cnn.com,05-17-2020,18:41:37,9.77|8.69|9.07|9.0|10.5|9.55|10.0|8.73|10.8|8.49|10.2,9.527272727272727
www.cnn.com,05-18-2020,16:30:15,9.39|10.2|11.0|14.4|11.2|8.61|8.7|16.4|8.63|8.85|9.09,10.588181818181816
www.cnn.com,05-18-2020,16:30:15,10.1|9.76|16.3|8.78|9.01|9.61|9.77|15.4|9.23|8.93|9.02,10.537272727272725
www.cnn.com,05-18-2020,18:42:36,8.96|10.1|8.71|17.1|15.7|9.78|9.28|9.31|9.87|9.48|8.74,10.639090909090909
www.cnn.com,05-18-2020,18:42:36,15.8|8.78|9.02|9.11|9.51|9.53|31.3|8.88|8.64|9.47|8.69,11.702727272727271
www.cnn.com,05-19-2020,16:30:19,8.95|9.7|9.05|8.99|9.95|9.3|9.45|9.27|9.39|10.3|9.37,9.42909090909091
www.cnn.com,05-19-2020,16:30:19,10.0|8.81|8.96|9.09|8.82|10.2|9.59|12.4|11.2|118.0|9.09,19.650909090909092
www.cnn.com,05-19-2020,18:42:54,9.89|9.13|9.34|10.3|9.42|9.81|9.04|8.74|9.38|9.15|9.83,9.457272727272729
www.cnn.com,05-19-2020,18:42:54,9.23|8.73|8.76|10.4|8.8|8.29|9.27|8.98|8.95|9.4|10.4,9.200909090909093
