www.whitehouse.gov,05-12-2020,00:01:12,10.7|9.36|9.92|9.42|9.74|9.7|9.32|9.88|12.0|10.3|10.1,10.04
www.whitehouse.gov,05-12-2020,00:01:12,9.92|9.41|12.1|9.42|9.19|10.6|9.69|9.28|9.62|9.82|11.5,10.049999999999999
www.whitehouse.gov,05-13-2020,16:30:09,10.1|10.4|11.7|10.1|10.6|11.2|10.7|10.8|10.7|10.2|10.2,10.60909090909091
www.whitehouse.gov,05-13-2020,16:30:09,9.14|9.75|10.8|23.3|19.8|11.3|9.94|9.32|9.4|10.0|10.2,12.086363636363636
www.whitehouse.gov,05-13-2020,18:41:32,9.54|9.97|9.53|9.3|10.2|11.1|9.57|9.24|9.73|9.72|9.95,9.804545454545455
www.whitehouse.gov,05-13-2020,18:41:32,9.57|10.7|9.5|12.1|9.42|9.35|15.5|10.6|9.68|10.2|10.2,10.620000000000003
www.whitehouse.gov,05-14-2020,16:30:17,9.98|9.99|10.3|11.3|10.7|9.74|9.46|9.5|10.1|9.27|9.81,10.013636363636364
www.whitehouse.gov,05-14-2020,16:30:17,11.6|9.47|10.6|10.5|9.71|9.83|13.2|10.3|9.91|12.6|9.98,10.700000000000001
www.whitehouse.gov,05-14-2020,18:41:48,9.89|11.1|10.0|10.4|9.38|9.38|9.47|11.2|9.95|10.1|10.7,10.142727272727273
www.whitehouse.gov,05-14-2020,18:41:48,17.9|11.1|10.5|11.5|10.6|10.2|10.4|10.3|10.6|10.0|9.55,11.149999999999999
www.whitehouse.gov,05-15-2020,16:30:14,11.8|11.5|11.7|12.9|18.5|11.3|11.2|11.7|50.8|10.8|9.83,15.639090909090912
www.whitehouse.gov,05-15-2020,16:30:14,13.7|10.6|11.1|10.6|10.0|10.9|11.6|9.98|10.5|33.6|18.9,13.77090909090909
www.whitehouse.gov,05-15-2020,18:42:32,19.0|16.8|14.3|13.1|11.8|10.4|16.9|17.0|40.1|16.2|12.7,17.118181818181817
www.whitehouse.gov,05-15-2020,18:42:32,10.6|10.4|9.59|9.85|9.61|9.62|11.4|10.2|9.46|9.22|10.1,10.004545454545452
www.whitehouse.gov,05-16-2020,16:30:11,13.1|9.95|9.83|10.9|10.5|10.5|9.5|12.6|11.4|34.1|10.4,12.98
www.whitehouse.gov,05-16-2020,16:30:11,10.5|11.3|11.1|9.64|10.1|9.75|16.7|9.41|9.74|10.7|10.4,10.84909090909091
www.whitehouse.gov,05-16-2020,18:43:10,10.8|24.0|9.33|10.4|10.0|9.57|10.2|10.0|24.0|11.0|13.1,12.945454545454545
www.whitehouse.gov,05-16-2020,18:43:10,11.9|10.2|9.61|16.4|9.89|10.5|10.9|10.5|10.1|17.2|10.0,11.563636363636364
www.whitehouse.gov,05-17-2020,16:30:04,10.2|9.61|9.81|10.0|9.36|9.92|9.85|10.1|9.62|10.5|9.81,9.88909090909091
www.whitehouse.gov,05-17-2020,16:30:04,10.1|9.94|9.62|9.52|9.74|10.1|24.0|9.96|17.3|10.5|9.65,11.857272727272726
www.whitehouse.gov,05-17-2020,18:41:37,27.4|10.0|10.6|10.0|9.73|9.72|9.56|9.74|11.8|10.6|10.1,11.75
www.whitehouse.gov,05-17-2020,18:41:37,10.3|9.4|9.62|10.8|9.81|15.5|10.0|22.8|10.0|9.23|10.7,11.65090909090909
www.whitehouse.gov,05-18-2020,16:30:15,12.3|10.4|20.2|9.78|25.2|10.3|9.81|9.61|10.8|10.2|9.93,12.593636363636364
www.whitehouse.gov,05-18-2020,16:30:15,10.3|10.0|9.23|11.4|11.1|10.6|11.3|10.0|10.0|9.45|9.66,10.276363636363637
www.whitehouse.gov,05-18-2020,18:42:36,10.0|9.43|9.64|9.43|9.81|11.2|9.98|10.0|10.4|9.45|10.5,9.985454545454546
www.whitehouse.gov,05-18-2020,18:42:36,9.96|10.4|11.2|29.9|9.83|9.85|10.1|11.1|12.0|11.7|11.0,12.458181818181817
www.whitehouse.gov,05-19-2020,16:30:19,10.3|11.5|12.3|10.1|10.9|9.64|10.9|11.2|11.0|10.5|11.0,10.84909090909091
www.whitehouse.gov,05-19-2020,16:30:19,10.5|9.33|9.47|9.89|9.26|17.6|9.75|9.55|10.3|10.2|9.86,10.519090909090908
www.whitehouse.gov,05-19-2020,18:42:54,10.6|11.0|9.9|9.59|10.2|9.79|9.75|10.1|10.2|10.7|9.47,10.118181818181819
www.whitehouse.gov,05-19-2020,18:42:54,11.1|10.6|9.9|9.01|10.6|9.62|10.0|9.65|9.86|11.2|10.7,10.203636363636363
