www.letgo.com,05-12-2020,00:01:12,9.94|9.1|8.62|8.92|9.74|10.4|10.3|8.89|8.72|9.19|11.3,9.556363636363635
www.letgo.com,05-12-2020,00:01:12,8.56|9.39|8.7|9.32|11.7|9.39|14.2|9.11|8.86|18.0|9.12,10.577272727272728
www.letgo.com,05-13-2020,16:30:09,9.6|8.52|9.2|8.7|8.86|9.04|9.11|9.44|9.4|11.9|8.52,9.299090909090909
www.letgo.com,05-13-2020,16:30:09,10.8|11.0|9.29|8.85|10.8|10.1|10.5|18.0|40.8|18.1|15.0,14.839999999999998
www.letgo.com,05-13-2020,18:41:32,9.81|9.43|9.72|9.63|8.98|9.31|10.3|9.02|14.9|9.02|9.37,9.953636363636365
www.letgo.com,05-13-2020,18:41:32,10.0|9.39|9.08|8.74|8.7|8.54|8.7|8.63|9.89|11.3|8.46,9.22090909090909
www.letgo.com,05-14-2020,16:30:17,9.71|8.39|8.92|10.1|10.1|9.39|9.89|8.7|15.9|8.8|9.71,9.964545454545457
www.letgo.com,05-14-2020,16:30:17,36.1|10.1|9.11|8.67|8.89|10.3|9.61|8.62|9.59|9.03|17.4,12.492727272727274
www.letgo.com,05-14-2020,18:41:48,10.1|14.6|8.93|9.03|8.8|9.15|9.06|11.1|16.5|8.69|8.77,10.43
www.letgo.com,05-14-2020,18:41:48,9.08|10.2|9.67|9.21|10.0|9.59|9.55|10.3|10.5|8.7|9.52,9.665454545454544
www.letgo.com,05-15-2020,16:30:14,8.72|9.47|9.64|10.1|8.93|13.2|10.3|10.4|8.8|12.8|9.09,10.131818181818183
www.letgo.com,05-15-2020,16:30:14,9.91|11.7|8.71|9.31|9.28|9.27|8.9|9.75|8.85|9.1|9.13,9.446363636363635
www.letgo.com,05-15-2020,18:42:32,10.6|8.68|9.06|8.85|9.55|8.49|9.59|8.77|9.09|8.72|8.34,9.067272727272728
www.letgo.com,05-15-2020,18:42:32,8.89|8.7|10.9|8.85|8.95|9.42|8.92|9.33|9.95|9.55|8.61,9.27909090909091
www.letgo.com,05-16-2020,16:30:11,9.07|68.3|9.63|9.34|8.75|8.98|9.93|8.74|9.33|8.87|9.22,14.560000000000002
www.letgo.com,05-16-2020,16:30:11,9.15|9.91|8.82|11.4|8.93|9.17|9.34|9.6|9.25|10.2|9.76,9.593636363636364
www.letgo.com,05-16-2020,18:43:10,8.96|8.69|9.33|8.81|9.76|8.94|9.38|9.46|10.0|9.02|18.5,10.077272727272728
www.letgo.com,05-16-2020,18:43:10,9.52|11.1|9.46|9.73|9.02|9.9|9.43|8.79|8.84|10.4|8.74,9.539090909090909
www.letgo.com,05-17-2020,16:30:04,9.45|9.92|9.58|9.43|9.43|9.33|9.52|8.64|9.7|8.92|9.17,9.371818181818183
www.letgo.com,05-17-2020,16:30:04,9.5|10.6|10.3|11.9|8.48|9.53|9.93|9.04|10.0|9.3|8.98,9.77818181818182
www.letgo.com,05-17-2020,18:41:37,9.56|16.1|9.33|26.9|8.73|9.82|9.61|9.52|8.93|9.32|8.99,11.528181818181817
www.letgo.com,05-17-2020,18:41:37,9.02|9.14|9.03|17.6|9.29|54.9|10.9|10.1|9.93|9.31|9.8,14.45636363636364
www.letgo.com,05-18-2020,16:30:15,9.02|18.6|8.75|10.3|9.06|9.84|8.87|9.63|14.7|9.7|9.51,10.725454545454546
www.letgo.com,05-18-2020,16:30:15,8.69|9.56|10.5|9.53|9.22|18.1|8.65|9.66|9.63|10.7|9.68,10.356363636363636
www.letgo.com,05-18-2020,18:42:36,8.96|9.2|10.2|18.0|17.9|9.05|9.0|75.4|9.59|9.47|8.61,16.85272727272727
www.letgo.com,05-18-2020,18:42:36,8.9|9.26|10.1|11.1|8.48|9.01|10.2|9.2|11.0|9.65|11.8,9.881818181818183
www.letgo.com,05-19-2020,16:30:19,9.6|9.19|9.79|8.94|10.2|8.56|8.99|8.82|9.15|9.3|8.98,9.22909090909091
www.letgo.com,05-19-2020,16:30:19,8.97|9.47|9.16|8.55|9.05|9.16|11.0|8.74|8.73|8.94|10.0,9.251818181818182
www.letgo.com,05-19-2020,18:42:54,75.8|120.0|37.3|9.7|16.2|9.04|8.88|17.2|9.38|10.1|10.2,29.436363636363637
www.letgo.com,05-19-2020,18:42:54,9.75|9.21|9.36|9.3|11.4|8.69|8.78|8.56|8.86|9.78|8.59,9.298181818181819
