www.medlineplus.gov,05-12-2020,00:01:12,9.22|11.7|10.2|9.4|12.5|10.0|9.07|8.88|8.99|8.97|9.45,9.852727272727272
www.medlineplus.gov,05-12-2020,00:01:12,9.49|8.75|8.88|9.57|8.54|10.3|10.5|8.73|8.9|8.78|9.39,9.257272727272728
www.medlineplus.gov,05-13-2020,16:30:09,9.58|10.3|10.8|9.42|8.89|9.99|10.6|9.37|10.3|9.76|10.2,9.92818181818182
www.medlineplus.gov,05-13-2020,16:30:09,10.4|9.62|9.1|9.89|9.19|9.3|11.6|23.7|10.3|16.7|10.3,11.82727272727273
www.medlineplus.gov,05-13-2020,18:41:32,9.5|8.63|11.1|10.3|9.17|8.73|18.1|17.3|8.7|10.2|11.2,11.175454545454548
www.medlineplus.gov,05-13-2020,18:41:32,9.3|11.5|9.94|8.96|8.59|9.65|8.86|11.3|9.55|9.38|10.4,9.766363636363637
www.medlineplus.gov,05-14-2020,16:30:17,11.4|9.29|9.19|9.43|9.51|10.1|9.8|9.06|9.47|9.26|8.66,9.56090909090909
www.medlineplus.gov,05-14-2020,16:30:17,11.3|9.37|8.88|9.32|11.6|9.4|9.05|9.23|8.92|8.85|10.1,9.638181818181819
www.medlineplus.gov,05-14-2020,18:41:48,9.24|9.29|9.75|9.04|9.61|9.29|10.3|9.46|9.9|8.71|10.4,9.544545454545455
www.medlineplus.gov,05-14-2020,18:41:48,9.41|9.81|9.55|9.94|9.48|8.82|9.05|9.37|9.17|13.2|10.0,9.8
www.medlineplus.gov,05-15-2020,16:30:14,9.49|9.72|11.0|8.54|9.12|9.48|9.24|10.0|9.73|10.0|9.68,9.636363636363637
www.medlineplus.gov,05-15-2020,16:30:14,10.2|10.7|10.4|11.9|9.09|14.8|9.28|9.37|8.95|9.47|9.38,10.321818181818182
www.medlineplus.gov,05-15-2020,18:42:32,9.16|8.98|9.12|8.59|8.68|10.2|9.21|9.53|9.08|9.43|9.88,9.259999999999998
www.medlineplus.gov,05-15-2020,18:42:32,8.7|10.3|9.36|8.74|8.94|9.13|9.36|10.2|9.17|11.8|8.82,9.50181818181818
www.medlineplus.gov,05-16-2020,16:30:11,9.05|10.1|9.5|9.53|10.7|24.1|10.3|11.2|8.72|8.93|10.6,11.157272727272726
www.medlineplus.gov,05-16-2020,16:30:11,9.36|9.76|16.4|10.5|9.09|9.42|11.9|9.32|9.82|10.3|30.1,12.360909090909091
www.medlineplus.gov,05-16-2020,18:43:10,15.6|13.2|12.9|10.8|9.81|9.68|10.2|9.45|8.95|9.55|9.21,10.85
www.medlineplus.gov,05-16-2020,18:43:10,9.89|9.26|8.83|8.63|9.29|8.89|8.83|21.5|8.96|9.57|8.71,10.214545454545457
www.medlineplus.gov,05-17-2020,16:30:04,14.7|12.7|11.0|11.1|16.3|14.6|12.2|13.1|10.3|10.0|9.75,12.340909090909092
www.medlineplus.gov,05-17-2020,16:30:04,10.1|13.0|10.1|10.2|9.78|10.6|10.0|9.12|9.42|9.55|8.99,10.078181818181818
www.medlineplus.gov,05-17-2020,18:41:37,9.79|10.1|9.57|8.65|9.32|8.85|10.3|10.7|8.89|10.6|10.0,9.706363636363635
www.medlineplus.gov,05-17-2020,18:41:37,10.6|9.2|9.57|8.98|10.3|10.1|8.53|9.67|38.3|10.1|9.32,12.242727272727272
www.medlineplus.gov,05-18-2020,16:30:15,12.0|10.6|10.0|8.92|9.12|10.1|8.92|9.07|10.7|8.96|10.6,9.908181818181818
www.medlineplus.gov,05-18-2020,16:30:15,10.1|9.44|9.06|9.1|9.17|9.36|10.0|9.8|8.79|10.8|9.17,9.526363636363635
www.medlineplus.gov,05-18-2020,18:42:36,12.0|9.79|8.69|10.9|9.27|9.46|9.7|10.2|9.5|8.96|8.98,9.768181818181818
www.medlineplus.gov,05-18-2020,18:42:36,8.87|10.1|9.77|9.63|8.67|10.6|9.85|8.64|8.95|9.33|9.33,9.43090909090909
www.medlineplus.gov,05-19-2020,16:30:19,9.91|8.82|10.6|10.1|8.78|8.97|8.8|8.93|9.18|9.96|10.1,9.468181818181819
www.medlineplus.gov,05-19-2020,16:30:19,9.21|11.0|10.0|9.02|9.19|9.14|9.02|10.2|10.2|10.0|9.19,9.651818181818182
www.medlineplus.gov,05-19-2020,18:42:54,10.2|9.79|10.3|8.68|8.7|10.6|10.1|11.3|10.0|8.64|8.86,9.742727272727272
www.medlineplus.gov,05-19-2020,18:42:54,12.8|11.4|9.55|11.4|10.1|10.4|9.58|9.03|9.71|9.95|9.86,10.343636363636364
