www.wikipedia.jp,05-13-2020,10:06:33,153.0|153.0|150.0|150.0|157.0|149.0|149.0|151.0|160.0|150.0|159.0,152.8181818181818
www.wikipedia.jp,05-13-2020,10:06:33,154.0|154.0|150.0|149.0|158.0|150.0|159.0|149.0|150.0|150.0|149.0,152.0
www.wikipedia.jp,05-13-2020,22:06:18,153.0|156.0|150.0|150.0|153.0|150.0|150.0|151.0|152.0|154.0|150.0,151.72727272727272
www.wikipedia.jp,05-13-2020,22:06:18,185.0|155.0|149.0|150.0|152.0|150.0|151.0|150.0|150.0|151.0|150.0,153.9090909090909
www.wikipedia.jp,05-14-2020,10:06:29,154.0|152.0|149.0|149.0|149.0|151.0|150.0|150.0|149.0|149.0|149.0,150.0909090909091
www.wikipedia.jp,05-14-2020,10:06:29,154.0|155.0|150.0|150.0|150.0|150.0|150.0|152.0|150.0|149.0|151.0,151.0
www.wikipedia.jp,05-14-2020,22:06:23,154.0|161.0|153.0|150.0|151.0|152.0|150.0|153.0|150.0|149.0|151.0,152.1818181818182
www.wikipedia.jp,05-14-2020,22:06:23,156.0|158.0|150.0|150.0|150.0|150.0|150.0|150.0|150.0|151.0|153.0,151.63636363636363
www.wikipedia.jp,05-15-2020,10:06:35,155.0|153.0|152.0|150.0|150.0|153.0|151.0|152.0|150.0|159.0|150.0,152.27272727272728
www.wikipedia.jp,05-15-2020,10:06:35,156.0|154.0|150.0|164.0|155.0|158.0|161.0|154.0|153.0|153.0|150.0,155.27272727272728
www.wikipedia.jp,05-15-2020,22:06:20,158.0|157.0|158.0|155.0|156.0|158.0|159.0|154.0|157.0|164.0|155.0,157.36363636363637
www.wikipedia.jp,05-15-2020,22:06:20,157.0|158.0|155.0|156.0|155.0|155.0|155.0|155.0|154.0|154.0|156.0,155.45454545454547
www.wikipedia.jp,05-16-2020,10:06:14,159.0|167.0|155.0|153.0|154.0|154.0|154.0|156.0|154.0|155.0|155.0,156.0
www.wikipedia.jp,05-16-2020,10:06:14,157.0|161.0|154.0|155.0|154.0|157.0|154.0|158.0|156.0|156.0|154.0,156.0
www.wikipedia.jp,05-16-2020,22:06:15,158.0|159.0|154.0|154.0|154.0|154.0|155.0|154.0|154.0|156.0|154.0,155.0909090909091
www.wikipedia.jp,05-16-2020,22:06:15,162.0|159.0|154.0|155.0|154.0|157.0|154.0|155.0|154.0|154.0|154.0,155.63636363636363
www.wikipedia.jp,05-17-2020,10:06:17,161.0|160.0|154.0|154.0|154.0|154.0|158.0|154.0|158.0|154.0|154.0,155.9090909090909
www.wikipedia.jp,05-17-2020,10:06:17,159.0|158.0|162.0|154.0|154.0|155.0|154.0|154.0|154.0|154.0|157.0,155.9090909090909
www.wikipedia.jp,05-17-2020,22:06:17,158.0|158.0|157.0|167.0|155.0|154.0|156.0|154.0|154.0|154.0|157.0,156.72727272727272
www.wikipedia.jp,05-17-2020,22:06:17,165.0|157.0|154.0|154.0|155.0|154.0|154.0|154.0|154.0|155.0|155.0,155.54545454545453
www.wikipedia.jp,05-18-2020,10:06:34,166.0|167.0|163.0|163.0|165.0|163.0|164.0|164.0|164.0|164.0|163.0,164.1818181818182
www.wikipedia.jp,05-18-2020,10:06:34,166.0|168.0|164.0|164.0|163.0|165.0|164.0|164.0|164.0|164.0|164.0,164.54545454545453
www.wikipedia.jp,05-18-2020,22:06:09,158.0|158.0|154.0|156.0|154.0|154.0|155.0|159.0|157.0|155.0|155.0,155.9090909090909
www.wikipedia.jp,05-18-2020,22:06:09,159.0|174.0|154.0|155.0|154.0|154.0|154.0|155.0|155.0|155.0|154.0,156.63636363636363
www.wikipedia.jp,05-19-2020,10:06:43,158.0|158.0|155.0|155.0|154.0|154.0|154.0|162.0|154.0|154.0|153.0,155.54545454545453
www.wikipedia.jp,05-19-2020,10:06:43,157.0|159.0|154.0|154.0|154.0|154.0|154.0|154.0|154.0|154.0|154.0,154.72727272727272
www.wikipedia.jp,05-19-2020,22:06:10,159.0|157.0|154.0|154.0|158.0|162.0|153.0|154.0|154.0|154.0|154.0,155.72727272727272
www.wikipedia.jp,05-19-2020,22:06:10,159.0|158.0|154.0|154.0|165.0|154.0|154.0|154.0|154.0|154.0|162.0,156.54545454545453
www.wikipedia.jp,05-20-2020,10:06:49,157.0|157.0|155.0|154.0|154.0|154.0|154.0|154.0|154.0|154.0|154.0,154.63636363636363
www.wikipedia.jp,05-20-2020,10:06:49,159.0|159.0|155.0|154.0|154.0|154.0|155.0|154.0|154.0|154.0|154.0,155.0909090909091
www.wikipedia.jp,05-20-2020,22:06:24,158.0|166.0|154.0|155.0|154.0|164.0|154.0|154.0|154.0|154.0|154.0,156.45454545454547
www.wikipedia.jp,05-20-2020,22:06:24,160.0|159.0|154.0|158.0|158.0|154.0|154.0|159.0|154.0|154.0|159.0,156.63636363636363
www.wikipedia.jp,05-21-2020,10:06:14,158.0|157.0|154.0|154.0|156.0|154.0|154.0|154.0|154.0|156.0|154.0,155.0
www.wikipedia.jp,05-21-2020,10:06:14,159.0|158.0|154.0|154.0|155.0|159.0|154.0|154.0|162.0|154.0|158.0,156.45454545454547
www.wikipedia.jp,05-21-2020,22:06:21,158.0|158.0|156.0|156.0|155.0|154.0|154.0|157.0|157.0|154.0|154.0,155.72727272727272
www.wikipedia.jp,05-21-2020,22:06:21,159.0|157.0|154.0|154.0|155.0|154.0|154.0|154.0|154.0|154.0|155.0,154.9090909090909
www.wikipedia.jp,05-22-2020,10:06:18,159.0|158.0|154.0|155.0|154.0|155.0|154.0|154.0|154.0|155.0|153.0,155.0
www.wikipedia.jp,05-22-2020,10:06:18,166.0|158.0|155.0|155.0|154.0|154.0|154.0|154.0|154.0|154.0|154.0,155.63636363636363
www.wikipedia.jp,05-22-2020,22:06:17,154.0|159.0|151.0|151.0|150.0|151.0|151.0|150.0|150.0|151.0|150.0,151.63636363636363
www.wikipedia.jp,05-22-2020,22:06:17,155.0|157.0|151.0|151.0|151.0|151.0|151.0|150.0|151.0|151.0|151.0,151.8181818181818
www.wikipedia.jp,05-23-2020,10:06:22,188.0|216.0|201.0|194.0|205.0|198.0|195.0|204.0|194.0|193.0|200.0,198.9090909090909
www.wikipedia.jp,05-23-2020,10:06:22,200.0|189.0|186.0|178.0|181.0|182.0|194.0|193.0|184.0|193.0|191.0,188.27272727272728
www.wikipedia.jp,05-23-2020,22:06:39,155.0|154.0|151.0|151.0|151.0|151.0|150.0|150.0|151.0|151.0|150.0,151.36363636363637
www.wikipedia.jp,05-23-2020,22:06:39,155.0|154.0|151.0|157.0|151.0|150.0|150.0|150.0|151.0|151.0|150.0,151.8181818181818
www.wikipedia.jp,05-24-2020,10:06:14,154.0|157.0|151.0|150.0|150.0|150.0|150.0|151.0|151.0|155.0|152.0,151.9090909090909
www.wikipedia.jp,05-24-2020,10:06:14,154.0|154.0|151.0|150.0|150.0|153.0|151.0|150.0|151.0|151.0|157.0,152.0
www.wikipedia.jp,05-24-2020,22:06:57,155.0|154.0|151.0|151.0|151.0|151.0|151.0|151.0|150.0|152.0|150.0,151.54545454545453
www.wikipedia.jp,05-24-2020,22:06:57,155.0|156.0|151.0|152.0|151.0|150.0|150.0|151.0|151.0|151.0|151.0,151.72727272727272
www.wikipedia.jp,05-25-2020,10:06:08,162.0|154.0|150.0|150.0|150.0|150.0|151.0|150.0|151.0|151.0|150.0,151.72727272727272
www.wikipedia.jp,05-25-2020,10:06:08,154.0|154.0|150.0|150.0|151.0|151.0|150.0|151.0|150.0|150.0|150.0,151.0
www.wikipedia.jp,05-25-2020,22:06:15,154.0|159.0|151.0|151.0|151.0|153.0|151.0|150.0|151.0|151.0|151.0,152.0909090909091
www.wikipedia.jp,05-25-2020,22:06:15,154.0|155.0|150.0|150.0|151.0|150.0|154.0|152.0|151.0|150.0|150.0,151.54545454545453
www.wikipedia.jp,05-26-2020,10:06:15,155.0|154.0|151.0|151.0|152.0|151.0|151.0|151.0|151.0|153.0|150.0,151.8181818181818
www.wikipedia.jp,05-26-2020,10:06:15,154.0|155.0|152.0|152.0|153.0|152.0|151.0|151.0|151.0|151.0|151.0,152.0909090909091
www.wikipedia.jp,05-26-2020,22:06:18,154.0|154.0|151.0|151.0|150.0|150.0|151.0|150.0|150.0|150.0|150.0,151.0
www.wikipedia.jp,05-26-2020,22:06:18,154.0|154.0|152.0|150.0|150.0|150.0|150.0|150.0|151.0|151.0|151.0,151.1818181818182
