www.youtube.com,05-13-2020,10:06:33,11.6|11.5|8.81|7.56|7.95|8.02|8.71|7.42|7.66|7.81|8.21,8.659090909090908
www.youtube.com,05-13-2020,10:06:33,13.0|11.6|7.61|8.81|7.55|8.36|9.01|8.26|7.67|7.96|8.06,8.899090909090908
www.youtube.com,05-13-2020,22:06:18,11.5|12.8|7.61|7.6|7.76|8.42|9.62|7.63|9.0|7.69|8.56,8.926363636363636
www.youtube.com,05-13-2020,22:06:18,12.3|11.5|8.57|9.32|14.9|7.68|10.6|7.97|9.57|7.72|7.67,9.799999999999999
www.youtube.com,05-14-2020,10:06:29,12.1|12.2|7.62|9.65|7.87|8.16|8.51|8.06|8.04|8.56|8.57,9.03090909090909
www.youtube.com,05-14-2020,10:06:29,12.7|11.7|8.77|9.3|9.1|8.22|8.02|15.7|8.38|7.81|7.59,9.753636363636362
www.youtube.com,05-14-2020,22:06:23,12.4|12.8|8.56|9.52|9.14|7.87|8.29|7.79|9.16|8.65|8.55,9.33909090909091
www.youtube.com,05-14-2020,22:06:23,11.4|20.7|8.87|8.4|7.76|8.54|8.32|7.67|9.1|8.6|7.78,9.739999999999998
www.youtube.com,05-15-2020,10:06:35,12.4|12.6|7.82|14.7|8.32|8.17|8.16|8.66|7.62|7.41|8.56,9.492727272727272
www.youtube.com,05-15-2020,10:06:35,18.9|13.6|8.27|7.76|8.71|7.92|7.81|7.92|8.16|7.72|7.72,9.499090909090908
www.youtube.com,05-15-2020,22:06:20,12.5|11.6|9.81|8.0|7.76|8.56|9.27|12.0|8.52|10.4|7.94,9.66909090909091
www.youtube.com,05-15-2020,22:06:20,12.1|20.4|8.75|9.49|9.06|11.3|7.86|7.97|12.1|8.03|8.62,10.516363636363637
www.youtube.com,05-16-2020,10:06:14,12.5|12.6|8.62|8.36|7.67|16.3|7.68|8.71|8.01|9.26|7.82,9.775454545454545
www.youtube.com,05-16-2020,10:06:14,12.6|12.4|10.4|8.67|15.0|8.09|7.62|8.11|8.93|9.85|7.48,9.922727272727272
www.youtube.com,05-16-2020,22:06:15,21.5|15.5|7.78|7.57|10.2|8.76|9.56|8.11|8.72|8.37|8.26,10.393636363636364
www.youtube.com,05-16-2020,22:06:15,13.2|16.6|9.08|8.32|8.21|8.87|8.02|15.3|8.63|8.12|9.96,10.391818181818183
www.youtube.com,05-17-2020,10:06:17,11.4|11.6|8.03|9.24|7.8|7.65|7.79|8.39|7.6|8.18|9.0,8.789090909090907
www.youtube.com,05-17-2020,10:06:17,12.4|11.6|8.49|8.07|9.69|16.0|17.4|10.2|7.69|7.97|8.33,10.712727272727271
www.youtube.com,05-17-2020,22:06:17,13.1|12.3|7.92|8.01|8.21|7.96|14.1|8.42|8.52|7.97|7.65,9.469090909090909
www.youtube.com,05-17-2020,22:06:17,11.8|11.3|7.57|8.66|7.7|8.72|7.55|8.62|7.67|8.0|9.36,8.813636363636364
www.youtube.com,05-18-2020,10:06:34,13.6|11.6|8.14|9.09|8.16|9.43|7.96|8.22|7.65|7.89|8.96,9.154545454545454
www.youtube.com,05-18-2020,10:06:34,12.7|11.4|7.74|8.03|7.81|8.04|8.69|16.0|9.11|9.52|10.0,9.912727272727272
www.youtube.com,05-18-2020,22:06:09,18.5|12.5|10.4|9.02|9.32|7.77|8.32|8.91|7.81|9.31|7.87,9.975454545454546
www.youtube.com,05-18-2020,22:06:09,11.5|12.5|8.02|9.52|9.35|8.07|9.57|7.57|8.61|8.07|15.6,9.852727272727272
www.youtube.com,05-19-2020,10:06:43,12.0|10.5|7.6|7.52|7.62|7.62|7.47|8.28|8.17|7.51|7.58,8.351818181818182
www.youtube.com,05-19-2020,10:06:43,12.3|10.5|7.65|7.76|7.7|8.58|8.15|7.88|8.63|7.9|7.93,8.634545454545457
www.youtube.com,05-19-2020,22:06:10,11.8|11.2|8.22|8.76|8.26|7.57|8.22|7.87|7.62|9.4|8.09,8.81909090909091
www.youtube.com,05-19-2020,22:06:10,10.8|11.4|21.3|8.11|8.3|8.63|7.86|7.77|8.17|9.02|7.48,9.894545454545455
www.youtube.com,05-20-2020,10:06:49,20.9|12.4|8.02|8.12|7.67|7.96|7.82|8.31|7.98|7.62|7.86,9.514545454545456
www.youtube.com,05-20-2020,10:06:49,20.2|12.4|7.88|9.76|7.44|7.82|7.82|7.77|7.87|7.65|7.63,9.476363636363637
www.youtube.com,05-20-2020,22:06:24,13.0|13.0|8.12|10.7|8.27|8.14|9.26|8.62|7.67|8.01|8.02,9.346363636363636
www.youtube.com,05-20-2020,22:06:24,12.1|11.5|8.67|8.33|8.18|7.72|8.32|7.77|7.77|7.96|8.17,8.771818181818182
www.youtube.com,05-21-2020,10:06:14,11.6|20.6|7.89|7.87|7.52|7.91|8.11|7.44|8.01|7.82|7.57,9.303636363636365
www.youtube.com,05-21-2020,10:06:14,12.5|11.6|8.02|7.87|8.05|8.47|7.57|7.87|7.92|7.67|8.58,8.738181818181818
www.youtube.com,05-21-2020,22:06:21,12.1|10.3|8.06|7.79|8.14|7.76|8.12|8.84|8.23|7.83|7.7,8.624545454545455
www.youtube.com,05-21-2020,22:06:21,12.5|11.9|7.87|11.7|7.6|7.66|7.84|8.64|8.11|7.9|8.14,9.07818181818182
www.youtube.com,05-22-2020,10:06:18,13.1|12.2|8.0|7.78|7.94|8.34|8.05|7.59|8.54|8.33|8.05,8.90181818181818
www.youtube.com,05-22-2020,10:06:18,12.8|14.1|8.8|7.59|9.03|8.44|8.29|7.94|8.45|8.2|7.69,9.211818181818183
www.youtube.com,05-22-2020,22:06:17,11.4|12.7|7.74|7.84|8.66|7.63|7.9|7.89|8.49|9.93|7.74,8.901818181818179
www.youtube.com,05-22-2020,22:06:17,11.4|11.5|7.75|7.74|8.37|7.74|8.81|11.9|9.69|8.2|8.65,9.250000000000002
www.youtube.com,05-23-2020,10:06:22,11.6|11.6|7.96|7.87|7.92|7.91|8.5|8.47|7.82|7.76|7.83,8.658181818181818
www.youtube.com,05-23-2020,10:06:22,11.7|11.6|7.66|9.01|8.46|7.52|7.97|8.47|7.82|7.47|7.57,8.659090909090908
www.youtube.com,05-23-2020,22:06:39,12.5|11.5|9.59|7.59|7.77|8.29|8.65|7.97|9.4|9.44|8.37,9.18818181818182
www.youtube.com,05-23-2020,22:06:39,11.5|11.6|7.81|16.9|7.55|7.71|10.9|8.3|7.77|8.35|8.7,9.735454545454546
www.youtube.com,05-24-2020,10:06:14,15.1|12.1|8.43|7.62|7.72|7.43|7.82|7.91|8.02|7.82|7.91,8.898181818181818
www.youtube.com,05-24-2020,10:06:14,11.7|11.7|7.83|7.71|7.96|8.56|7.61|7.61|8.32|7.76|7.58,8.576363636363636
www.youtube.com,05-24-2020,22:06:57,11.7|11.4|8.57|8.44|7.67|7.92|8.57|7.66|7.91|7.67|7.76,8.660909090909092
www.youtube.com,05-24-2020,22:06:57,12.5|11.3|11.5|7.77|8.36|8.62|8.27|8.17|7.93|8.02|8.02,9.132727272727271
www.youtube.com,05-25-2020,10:06:08,13.4|12.0|7.64|7.39|7.71|8.3|7.72|8.31|8.11|7.77|7.96,8.755454545454544
www.youtube.com,05-25-2020,10:06:08,11.6|10.5|7.52|8.22|7.8|12.5|7.75|8.82|7.87|7.96|7.97,8.955454545454545
www.youtube.com,05-25-2020,22:06:15,14.0|11.8|7.8|8.11|8.52|7.78|9.22|8.18|7.88|8.11|9.13,9.139090909090909
www.youtube.com,05-25-2020,22:06:15,12.1|20.3|7.8|7.77|8.17|9.06|7.97|7.57|7.92|7.67|9.57,9.627272727272727
www.youtube.com,05-26-2020,10:06:15,11.6|10.6|7.86|8.31|8.12|8.21|7.97|7.72|8.05|8.06|8.72,8.656363636363636
www.youtube.com,05-26-2020,10:06:15,20.3|11.2|8.04|7.42|7.64|7.62|7.92|8.07|7.82|9.41|7.92,9.396363636363636
www.youtube.com,05-26-2020,22:06:18,11.4|10.7|7.61|7.77|7.87|8.66|8.27|7.84|9.36|7.92|7.42,8.620000000000001
www.youtube.com,05-26-2020,22:06:18,12.6|11.6|7.68|7.7|8.02|7.48|7.56|15.1|9.43|7.82|7.88,9.35181818181818
