www.chicagotribune.com,05-13-2020,10:06:33,13.3|11.7|8.97|8.67|9.51|8.32|8.32|8.97|9.67|8.82|8.32,9.506363636363636
www.chicagotribune.com,05-13-2020,10:06:33,14.0|11.7|10.2|8.06|8.56|8.41|8.86|10.0|9.01|8.9|9.2,9.718181818181819
www.chicagotribune.com,05-13-2020,22:06:18,12.8|13.8|8.53|8.07|9.77|8.97|9.92|9.5|16.7|8.39|8.91,10.487272727272728
www.chicagotribune.com,05-13-2020,22:06:18,13.2|13.0|8.33|9.9|10.4|9.42|8.61|9.56|8.17|8.27|8.52,9.761818181818182
www.chicagotribune.com,05-14-2020,10:06:29,13.0|12.6|9.88|8.34|9.47|17.2|9.15|8.38|9.07|8.82|8.86,10.433636363636364
www.chicagotribune.com,05-14-2020,10:06:29,13.3|12.8|15.8|8.88|9.06|8.62|9.06|8.12|8.57|8.62|9.56,10.217272727272729
www.chicagotribune.com,05-14-2020,22:06:23,13.1|12.0|8.28|10.2|17.6|9.18|7.97|8.67|10.3|8.29|8.62,10.382727272727273
www.chicagotribune.com,05-14-2020,22:06:23,21.2|12.8|8.48|8.22|8.26|8.83|9.85|10.9|8.67|9.76|9.02,10.544545454545455
www.chicagotribune.com,05-15-2020,10:06:35,13.1|11.8|9.49|7.99|8.47|8.17|9.22|8.68|9.61|8.72|10.1,9.577272727272726
www.chicagotribune.com,05-15-2020,10:06:35,11.6|14.4|9.43|9.57|9.32|9.03|8.22|8.3|8.92|8.41|8.42,9.601818181818182
www.chicagotribune.com,05-15-2020,22:06:20,14.3|12.7|24.4|9.01|10.1|12.3|9.87|12.8|13.4|10.6|10.1,12.689090909090908
www.chicagotribune.com,05-15-2020,22:06:20,15.9|14.8|22.5|10.9|9.46|11.7|8.44|11.2|9.87|10.6|13.2,12.597272727272726
www.chicagotribune.com,05-16-2020,10:06:14,13.1|12.8|8.24|8.87|11.5|8.55|8.76|9.01|15.7|8.43|8.32,10.298181818181819
www.chicagotribune.com,05-16-2020,10:06:14,14.4|11.4|8.72|9.87|9.21|9.41|8.63|8.87|9.06|8.82|8.46,9.713636363636367
www.chicagotribune.com,05-16-2020,22:06:15,12.1|12.8|9.37|8.83|9.9|8.47|16.4|24.6|8.6|8.4|10.2,11.788181818181817
www.chicagotribune.com,05-16-2020,22:06:15,14.5|12.6|8.76|12.9|17.9|8.99|8.27|8.27|9.11|10.1|8.07,10.860909090909091
www.chicagotribune.com,05-17-2020,10:06:17,13.2|11.7|8.95|8.3|8.15|15.8|8.99|9.18|8.6|9.06|8.63,10.05090909090909
www.chicagotribune.com,05-17-2020,10:06:17,29.2|15.7|9.35|9.0|9.56|9.34|8.24|8.37|8.1|8.88|8.83,11.324545454545452
www.chicagotribune.com,05-17-2020,22:06:17,21.0|13.9|17.4|9.58|12.0|9.02|12.2|17.1|9.64|9.67|15.8,13.391818181818183
www.chicagotribune.com,05-17-2020,22:06:17,12.8|13.8|8.78|9.07|8.91|9.22|8.46|8.32|8.77|8.91|9.77,9.71
www.chicagotribune.com,05-18-2020,10:06:34,21.9|13.9|8.25|8.15|27.0|8.13|9.05|8.11|9.36|8.21|8.97,11.911818181818182
www.chicagotribune.com,05-18-2020,10:06:34,12.4|14.8|9.41|9.7|8.31|8.35|9.69|8.27|9.38|9.12|8.06,9.771818181818183
www.chicagotribune.com,05-18-2020,22:06:09,13.8|11.9|10.3|8.78|9.28|8.43|8.45|17.8|8.3|9.86|8.24,10.467272727272727
www.chicagotribune.com,05-18-2020,22:06:09,11.9|12.9|8.87|10.0|9.52|25.9|9.11|8.62|9.42|9.44|9.47,11.377272727272727
www.chicagotribune.com,05-19-2020,10:06:43,12.0|11.7|8.38|8.46|9.12|8.47|8.12|8.66|8.06|9.32|9.02,9.21
www.chicagotribune.com,05-19-2020,10:06:43,12.3|13.0|9.13|8.12|8.77|8.02|8.97|8.22|8.06|8.26|8.26,9.191818181818183
www.chicagotribune.com,05-19-2020,22:06:10,13.5|12.3|8.38|8.97|7.96|8.76|8.22|8.92|9.02|7.97|9.47,9.406363636363636
www.chicagotribune.com,05-19-2020,22:06:10,14.6|12.5|8.17|7.92|8.97|8.53|8.11|8.42|8.51|8.07|8.39,9.290000000000001
www.chicagotribune.com,05-20-2020,10:06:49,16.1|14.7|10.0|8.83|9.05|8.37|8.02|9.37|8.51|8.47|8.32,9.976363636363637
www.chicagotribune.com,05-20-2020,10:06:49,14.2|12.7|8.03|9.52|8.72|15.4|8.33|8.17|8.12|8.32|16.3,10.709999999999999
www.chicagotribune.com,05-20-2020,22:06:24,12.3|12.8|15.6|8.07|9.67|8.22|8.27|8.42|8.57|10.2|8.23,10.031818181818181
www.chicagotribune.com,05-20-2020,22:06:24,12.5|12.5|9.02|8.27|9.42|8.46|8.81|8.75|9.37|8.07|9.62,9.526363636363639
www.chicagotribune.com,05-21-2020,10:06:14,12.4|12.8|9.12|8.63|8.62|8.67|8.77|8.5|8.92|8.42|8.52,9.397272727272728
www.chicagotribune.com,05-21-2020,10:06:14,11.8|11.8|10.0|8.07|8.71|8.57|10.1|8.38|8.92|8.42|8.79,9.414545454545454
www.chicagotribune.com,05-21-2020,22:06:21,12.7|12.5|8.97|9.19|8.82|8.15|8.24|8.37|8.53|7.96|8.11,9.23090909090909
www.chicagotribune.com,05-21-2020,22:06:21,12.2|11.8|8.27|8.92|8.11|8.13|8.98|8.3|10.6|12.3|8.68,9.662727272727272
www.chicagotribune.com,05-22-2020,10:06:18,15.6|13.2|14.1|8.71|8.2|11.0|8.35|9.0|8.83|8.81|8.51,10.391818181818183
www.chicagotribune.com,05-22-2020,10:06:18,12.0|12.7|8.47|8.28|8.46|8.49|9.44|8.11|8.2|8.44|8.46,9.186363636363637
www.chicagotribune.com,05-22-2020,22:06:17,12.9|12.8|8.46|8.3|8.24|9.45|8.17|8.65|8.25|8.26|8.82,9.3
www.chicagotribune.com,05-22-2020,22:06:17,13.4|13.1|8.98|8.58|10.8|8.86|8.98|8.18|12.1|8.42|8.86,10.023636363636363
www.chicagotribune.com,05-23-2020,10:06:22,13.1|11.8|8.87|9.32|8.25|8.17|8.42|8.52|8.02|8.26|8.25,9.18
www.chicagotribune.com,05-23-2020,10:06:22,13.0|11.7|8.56|9.1|9.1|7.95|8.3|8.45|8.24|8.97|8.12,9.226363636363637
www.chicagotribune.com,05-23-2020,22:06:39,13.4|11.7|8.86|9.2|8.17|8.94|8.47|8.9|8.25|8.22|9.16,9.388181818181819
www.chicagotribune.com,05-23-2020,22:06:39,11.8|11.7|8.39|8.93|8.44|8.83|8.21|15.6|8.6|8.52|8.53,9.777272727272727
www.chicagotribune.com,05-24-2020,10:06:14,12.2|12.8|17.4|8.49|8.37|8.52|9.46|8.15|8.32|8.91|8.51,10.102727272727273
www.chicagotribune.com,05-24-2020,10:06:14,13.1|12.8|8.51|8.1|8.53|8.75|8.56|7.96|8.22|8.45|8.2,9.19818181818182
www.chicagotribune.com,05-24-2020,22:06:57,12.9|12.8|8.78|8.02|8.07|8.29|8.52|8.12|8.87|9.17|9.37,9.355454545454547
www.chicagotribune.com,05-24-2020,22:06:57,12.5|11.7|9.02|8.28|8.45|9.77|8.47|8.87|9.62|8.34|8.37,9.39909090909091
www.chicagotribune.com,05-25-2020,10:06:08,14.2|11.7|8.67|8.46|8.88|8.51|8.31|8.75|8.22|9.01|8.67,9.398181818181818
www.chicagotribune.com,05-25-2020,10:06:08,12.1|11.7|8.51|8.91|8.92|8.99|8.47|8.26|8.17|9.07|8.72,9.256363636363636
www.chicagotribune.com,05-25-2020,22:06:15,12.3|12.8|8.25|8.25|8.44|8.44|9.62|10.2|8.54|8.29|9.41,9.503636363636362
www.chicagotribune.com,05-25-2020,22:06:15,13.2|13.8|8.61|8.39|10.5|8.8|8.34|8.62|8.17|8.84|16.1,10.306363636363637
www.chicagotribune.com,05-26-2020,10:06:15,13.2|12.8|8.13|17.5|10.5|9.45|8.47|8.07|9.62|8.2|8.87,10.43727272727273
www.chicagotribune.com,05-26-2020,10:06:15,12.1|12.8|8.96|8.55|8.21|10.4|8.25|8.27|8.82|8.32|8.86,9.41272727272727
www.chicagotribune.com,05-26-2020,22:06:18,12.7|11.7|8.44|8.08|9.12|8.37|8.28|8.27|9.14|8.23|8.07,9.127272727272727
www.chicagotribune.com,05-26-2020,22:06:18,13.2|11.3|8.17|8.27|9.0|8.67|8.41|8.17|7.96|8.97|8.17,9.117272727272727
