www.reddit.com,05-13-2020,10:06:33,11.5|13.3|8.77|8.17|8.51|7.97|9.11|8.07|7.57|7.87|7.37,8.92818181818182
www.reddit.com,05-13-2020,10:06:33,12.9|15.3|8.03|8.67|7.62|8.46|8.79|7.52|9.26|7.38|8.02,9.268181818181818
www.reddit.com,05-13-2020,22:06:18,12.5|10.2|7.68|8.02|8.92|7.37|8.17|7.77|7.92|7.52|7.35,8.492727272727272
www.reddit.com,05-13-2020,22:06:18,13.3|12.1|8.33|7.47|7.66|8.59|7.56|7.86|8.41|7.42|7.94,8.785454545454545
www.reddit.com,05-14-2020,10:06:29,12.5|11.4|13.8|8.17|8.07|7.92|9.02|8.12|7.57|7.46|7.81,9.258181818181818
www.reddit.com,05-14-2020,10:06:29,18.4|12.3|7.93|8.46|8.55|8.67|8.06|8.37|7.62|8.01|8.59,9.541818181818185
www.reddit.com,05-14-2020,22:06:23,13.2|10.2|9.11|7.85|22.1|8.14|7.69|7.9|8.31|7.97|8.22,10.062727272727273
www.reddit.com,05-14-2020,22:06:23,12.0|12.7|7.6|7.61|7.49|8.69|7.36|8.24|7.39|8.16|7.45,8.608181818181817
www.reddit.com,05-15-2020,10:06:35,11.4|10.4|8.93|8.23|7.46|8.22|8.62|8.81|7.47|7.47|7.72,8.611818181818181
www.reddit.com,05-15-2020,10:06:35,11.5|12.3|8.43|9.57|8.67|8.35|10.1|8.57|8.72|7.63|7.7,9.23090909090909
www.reddit.com,05-15-2020,22:06:20,14.4|12.8|8.49|16.8|9.83|8.36|9.24|9.7|9.97|10.7|13.5,11.253636363636364
www.reddit.com,05-15-2020,22:06:20,13.5|12.2|7.68|8.92|7.72|15.1|8.84|15.2|10.7|11.9|8.08,10.894545454545455
www.reddit.com,05-16-2020,10:06:14,11.6|12.5|7.98|7.47|8.36|8.46|9.07|8.38|8.73|7.52|7.31,8.852727272727272
www.reddit.com,05-16-2020,10:06:14,11.5|12.4|7.87|7.41|7.92|7.47|7.81|7.32|7.52|8.52|7.26,8.454545454545455
www.reddit.com,05-16-2020,22:06:15,12.5|16.4|8.38|8.27|7.72|7.67|10.0|7.73|8.27|8.91|8.51,9.487272727272726
www.reddit.com,05-16-2020,22:06:15,12.6|16.1|8.58|15.8|8.44|7.27|7.86|8.02|7.72|7.97|9.57,9.993636363636364
www.reddit.com,05-17-2020,10:06:17,12.6|12.3|7.74|7.51|7.65|7.94|7.45|8.36|8.91|7.71|7.46,8.693636363636362
www.reddit.com,05-17-2020,10:06:17,12.0|16.2|8.21|7.6|7.15|7.85|7.36|8.44|8.82|8.1|7.74,9.042727272727271
www.reddit.com,05-17-2020,22:06:17,11.6|22.2|7.45|7.07|8.26|7.43|8.52|7.37|7.97|7.27|7.36,9.318181818181817
www.reddit.com,05-17-2020,22:06:17,28.8|13.7|7.68|8.77|15.8|8.33|7.67|10.3|8.52|8.0|8.22,11.435454545454546
www.reddit.com,05-18-2020,10:06:34,12.3|12.4|7.46|9.04|7.64|8.44|7.51|7.55|8.84|8.3|8.09,8.870000000000001
www.reddit.com,05-18-2020,10:06:34,12.9|14.3|8.56|8.29|8.4|8.65|8.49|7.7|8.14|7.95|7.38,9.16
www.reddit.com,05-18-2020,22:06:09,13.4|12.9|9.48|9.11|8.91|9.11|7.82|8.43|7.98|8.0|8.22,9.396363636363636
www.reddit.com,05-18-2020,22:06:09,11.6|12.3|7.32|8.72|8.61|8.87|8.66|8.42|7.76|7.6|8.02,8.898181818181818
www.reddit.com,05-19-2020,10:06:43,11.7|11.3|7.48|7.67|7.92|7.54|7.11|8.07|7.32|7.25|7.66,8.274545454545454
www.reddit.com,05-19-2020,10:06:43,13.0|11.2|7.76|7.81|7.37|7.39|7.66|7.32|7.67|7.57|7.47,8.383636363636363
www.reddit.com,05-19-2020,22:06:10,12.7|10.3|7.47|7.91|8.32|8.56|7.73|7.51|8.71|7.4|8.87,8.680000000000001
www.reddit.com,05-19-2020,22:06:10,11.9|10.3|7.48|7.72|23.1|8.09|10.4|7.28|7.54|8.32|7.38,9.955454545454547
www.reddit.com,05-20-2020,10:06:49,11.7|11.3|7.83|8.42|7.82|7.62|8.12|7.68|8.1|7.97|8.36,8.629090909090909
www.reddit.com,05-20-2020,10:06:49,11.9|20.3|7.24|7.77|8.12|8.01|7.92|7.95|8.07|7.97|8.22,9.406363636363636
www.reddit.com,05-20-2020,22:06:24,12.2|11.4|8.02|9.32|7.79|16.6|8.49|7.57|7.87|8.17|8.21,9.603636363636365
www.reddit.com,05-20-2020,22:06:24,11.6|12.1|7.78|8.02|16.8|7.89|7.86|8.12|7.77|7.41|7.97,9.392727272727273
www.reddit.com,05-21-2020,10:06:14,12.5|10.2|7.67|7.46|7.72|7.62|7.37|7.9|8.27|7.91|7.62,8.385454545454545
www.reddit.com,05-21-2020,10:06:14,12.7|11.2|9.21|7.57|8.07|8.18|7.92|7.42|8.32|7.71|7.97,8.751818181818182
www.reddit.com,05-21-2020,22:06:21,11.2|11.2|8.33|7.6|7.99|7.76|7.61|7.5|7.99|7.71|8.11,8.454545454545453
www.reddit.com,05-21-2020,22:06:21,11.5|11.2|16.2|7.36|7.81|7.3|7.51|8.36|8.15|7.59|7.61,9.144545454545455
www.reddit.com,05-22-2020,10:06:18,12.2|11.2|8.25|8.29|7.95|8.45|7.5|8.0|7.7|7.3|8.14,8.634545454545455
www.reddit.com,05-22-2020,10:06:18,10.4|11.2|8.24|7.81|7.74|7.8|7.53|8.84|8.0|7.4|7.55,8.41
www.reddit.com,05-22-2020,22:06:17,11.3|11.5|8.0|7.46|7.2|7.86|7.7|7.56|7.67|8.21|8.91,8.488181818181818
www.reddit.com,05-22-2020,22:06:17,12.7|17.2|7.57|7.84|7.66|7.51|7.36|7.64|7.55|7.76|7.46,8.931818181818182
www.reddit.com,05-23-2020,10:06:22,12.3|11.2|7.92|7.85|7.36|8.33|8.09|7.76|17.0|7.94|8.07,9.438181818181818
www.reddit.com,05-23-2020,10:06:22,11.5|10.2|7.57|7.67|7.7|8.57|7.61|7.52|7.67|7.37|7.57,8.26818181818182
www.reddit.com,05-23-2020,22:06:39,12.6|11.0|7.6|8.25|8.15|7.24|8.4|7.87|9.26|8.14|7.87,8.761818181818184
www.reddit.com,05-23-2020,22:06:39,10.8|10.7|8.25|7.9|7.51|8.2|7.5|7.91|8.18|7.27|8.42,8.42181818181818
www.reddit.com,05-24-2020,10:06:14,12.3|11.2|9.51|8.03|14.3|8.23|7.6|7.42|7.77|8.07|8.81,9.385454545454547
www.reddit.com,05-24-2020,10:06:14,12.2|11.2|7.97|7.52|8.02|8.07|7.4|7.57|7.42|7.91|7.47,8.431818181818182
www.reddit.com,05-24-2020,22:06:57,11.1|17.3|7.47|7.72|7.57|7.71|7.27|7.37|8.67|7.77|7.92,8.897272727272727
www.reddit.com,05-24-2020,22:06:57,12.9|15.2|7.83|7.97|7.26|8.36|7.62|7.67|7.87|10.3|7.77,9.159090909090908
www.reddit.com,05-25-2020,10:06:08,11.4|12.5|9.12|7.7|7.45|7.92|7.51|7.46|7.54|8.01|7.62,8.566363636363638
www.reddit.com,05-25-2020,10:06:08,11.4|10.5|7.92|7.52|7.67|7.6|8.36|7.32|7.67|7.57|8.35,8.352727272727272
www.reddit.com,05-25-2020,22:06:15,12.7|11.2|7.82|7.62|8.04|7.87|7.56|7.57|16.4|8.14|7.52,9.312727272727273
www.reddit.com,05-25-2020,22:06:15,11.7|11.0|7.67|7.22|7.47|7.72|7.49|7.32|7.48|7.57|7.52,8.196363636363637
www.reddit.com,05-26-2020,10:06:15,11.5|11.2|7.67|7.57|7.31|8.21|8.64|7.82|7.81|7.87|7.66,8.478181818181818
www.reddit.com,05-26-2020,10:06:15,12.3|11.5|7.82|8.61|8.72|7.6|7.9|7.51|7.87|7.47|8.61,8.71909090909091
www.reddit.com,05-26-2020,22:06:18,11.3|10.2|8.77|8.26|7.27|7.43|8.37|17.3|8.92|7.46|7.66,9.358181818181817
www.reddit.com,05-26-2020,22:06:18,20.5|12.9|8.67|7.93|15.4|8.34|7.86|7.32|8.56|7.46|9.25,10.38090909090909
