www.etsy.com,05-13-2020,14:32:03,37.0|37.0|37.4|38.3|35.8|36.8|38.0|38.7|38.1|37.8|38.4,37.57272727272727
www.etsy.com,05-13-2020,14:32:03,33.2|36.3|37.7|37.5|34.8|36.0|34.0|37.1|35.3|33.9|36.7,35.68181818181818
www.etsy.com,05-13-2020,18:21:38,33.1|32.5|34.6|33.9|36.9|33.1|35.1|38.2|33.2|34.6|32.3,34.31818181818182
www.etsy.com,05-13-2020,18:21:38,32.3|33.1|36.0|35.2|34.3|33.2|33.1|34.1|33.2|33.9|34.5,33.9
www.etsy.com,05-14-2020,14:32:06,37.4|34.0|34.4|35.1|33.1|52.7|36.0|33.9|35.2|34.6|35.9,36.57272727272727
www.etsy.com,05-14-2020,14:32:06,33.7|36.9|36.8|32.9|47.7|33.2|49.9|32.8|35.2|39.8|33.7,37.50909090909091
www.etsy.com,05-14-2020,18:21:22,34.0|32.9|32.9|33.1|33.9|33.9|37.9|33.2|33.5|39.7|33.0,34.36363636363636
www.etsy.com,05-14-2020,18:21:22,32.0|35.3|34.1|34.4|34.4|35.5|35.0|34.4|33.0|36.1|37.3,34.68181818181819
www.etsy.com,05-15-2020,14:32:07,66.5|39.1|57.4|52.0|55.3|56.4|60.3|50.1,54.6375
www.etsy.com,05-15-2020,14:32:07,49.2|52.3|48.7|53.5|50.1|52.1|52.1|58.5|57.3|62.9|50.3,53.36363636363637
www.etsy.com,05-15-2020,18:21:11,32.6|33.0|33.5|32.9|35.2|34.0|35.3|33.8|33.4|33.9|35.6,33.92727272727273
www.etsy.com,05-15-2020,18:21:11,33.5|34.9|34.0|32.9|35.1|33.9|33.6|35.3|33.1|33.9|33.0,33.92727272727273
www.etsy.com,05-16-2020,14:32:47,39.9|39.5|39.0|37.2|37.0|35.0|37.5|37.3|35.5|35.7|37.7,37.39090909090909
www.etsy.com,05-16-2020,14:32:47,36.3|36.0|35.9|38.0|34.3|33.5|36.4|34.8|36.3|37.7|38.1,36.11818181818182
www.etsy.com,05-16-2020,18:21:22,32.6|32.3|34.0|32.5|34.6|32.7|33.1|33.8|34.6|34.9|34.4,33.59090909090909
www.etsy.com,05-16-2020,18:21:22,31.7|33.0|34.8|33.9|36.4|37.7|35.7|34.7|35.9|38.6|35.7,35.28181818181818
www.etsy.com,05-17-2020,14:32:06,31.6|32.7|32.0|31.1|31.0|31.8|31.1|33.9|33.4|31.2|31.4,31.927272727272722
www.etsy.com,05-17-2020,14:32:06,31.6|34.3|33.7|32.5|30.5|32.8|32.0|32.0|33.0|30.0|31.1,32.13636363636364
www.etsy.com,05-17-2020,18:21:21,35.9|37.9|38.9|36.0|36.3|39.5|36.9|39.0|35.8|36.8|38.0,37.36363636363637
www.etsy.com,05-17-2020,18:21:21,35.5|35.8|36.1|41.2|37.0|35.9|36.9|38.0|36.4|37.8|36.6,37.01818181818182
www.etsy.com,05-18-2020,14:32:07,34.6|33.0|33.5|35.7|35.4|36.7|32.1|34.2|34.4|33.1|33.9,34.23636363636364
www.etsy.com,05-18-2020,14:32:07,33.5|36.7|33.4|33.9|34.5|34.0|36.8|32.4|34.0|34.3|34.7,34.38181818181818
www.etsy.com,05-18-2020,18:21:10,34.8|35.7|35.9|34.8|37.1|35.9|35.7|35.3|36.5|34.7|36.8,35.74545454545454
www.etsy.com,05-18-2020,18:21:10,32.4|38.6|37.4|39.1|39.8|33.9|34.3|37.3|38.9|41.0|37.1,37.25454545454545
www.etsy.com,05-19-2020,14:32:09,74.1|74.8|74.7|73.1|73.1|75.8|72.9|72.5|77.6|73.2|78.3,74.55454545454546
www.etsy.com,05-19-2020,14:32:09,78.2|73.8|72.1|73.2|72.2|71.0|78.2|77.1|75.1|79.3|72.8,74.81818181818181
www.etsy.com,05-19-2020,18:21:22,37.8|34.6|33.8|32.1|34.1|34.1|32.5|33.1|32.2|33.4|32.8,33.68181818181818
www.etsy.com,05-19-2020,18:21:22,32.3|36.1|32.5|37.9|35.3|32.0|34.8|32.7|32.1|34.4|33.4,33.95454545454545
www.etsy.com,05-20-2020,14:32:06,75.8|79.3|77.3|77.8|77.8|76.3|77.3|77.0|76.0|78.4|77.6,77.32727272727271
www.etsy.com,05-20-2020,14:32:06,76.6|76.2|74.8|76.7|79.4|74.8|75.2|76.0|78.3|78.9|80.6,77.04545454545455
www.etsy.com,05-20-2020,18:21:03,75.4|76.1|74.8|75.8|74.0|77.1|75.7|74.7|74.6|75.9|73.5,75.23636363636363
www.etsy.com,05-20-2020,18:21:03,77.2|74.3|73.7|74.6|76.6|75.1|74.3|74.7|73.0|78.8|75.6,75.26363636363637
www.etsy.com,05-21-2020,14:32:05,75.0|76.2|74.7|75.4|76.1|75.7|76.9|76.2|75.6|75.9|74.0,75.60909090909091
www.etsy.com,05-21-2020,14:32:05,75.7|74.7|76.3|78.2|73.9|74.5|74.6|81.8|74.9|75.1|76.0,75.97272727272727
www.etsy.com,05-21-2020,18:24:19,34.9|38.4|37.9|36.5|33.7|38.7|36.1|51.1|34.6|34.3|34.7,37.35454545454546
www.etsy.com,05-21-2020,18:24:19,34.7|33.6|34.9|35.9|34.1|34.7|34.7|37.1|58.7|35.7|35.1,37.2
www.etsy.com,05-21-2020,20:53:19,33.6|37.8|59.0|34.3|33.8|34.4|32.2|43.1|38.9|32.7|34.7,37.68181818181818
www.etsy.com,05-21-2020,20:53:19,35.2|39.8|33.2|67.0|33.3|33.0|33.7|37.0|32.6|33.6|52.3,39.154545454545456
www.etsy.com,05-22-2020,18:21:25,34.4|36.2|37.6|34.9|35.1|34.1|34.3|33.5|195.0|83.9|53.7,55.7
www.etsy.com,05-22-2020,18:21:25,34.7|34.6|33.3|34.1|33.9|45.5|35.1|34.8|33.7|36.8|34.1,35.50909090909091
www.etsy.com,05-23-2020,14:32:07,139.0|41.2|38.2|36.7|37.0|39.7|36.1|38.7|47.3|34.9|34.2,47.54545454545455
www.etsy.com,05-23-2020,14:32:07,37.2|38.6|42.8|37.9|40.9|68.3|36.6|36.8|36.5|38.6,41.42
www.etsy.com,05-23-2020,18:21:03,39.6|37.7|35.2|131.0|56.8|157.0|280.0|35.5|35.0|37.0|37.6,80.21818181818182
www.etsy.com,05-23-2020,18:21:03,32.5|35.5|54.1|35.9|35.2|38.8|37.6|35.4|35.9|45.3|34.6,38.25454545454546
www.etsy.com,05-24-2020,14:32:14,33.4|37.5|35.5|34.7|36.2|35.3|35.8|36.6|35.2|113.0|34.4,42.50909090909091
www.etsy.com,05-24-2020,14:32:14,32.5|35.8|42.8|36.2|36.1|36.3|59.2|35.0|36.1|35.9|35.1,38.27272727272728
www.etsy.com,05-24-2020,18:21:11,33.7|36.0|35.0|35.0|32.8|36.3|44.6|34.4|33.6|35.9|35.3,35.69090909090909
www.etsy.com,05-24-2020,18:21:11,35.0|35.1|35.7|39.0|34.0|35.1|40.4|34.3|36.0|36.2|38.1,36.263636363636365
www.etsy.com,05-25-2020,14:32:08,31.1|133.0|33.8|33.9|38.2|36.0|33.2|33.3|56.0|33.7|36.0,45.29090909090909
www.etsy.com,05-25-2020,14:32:08,32.7|34.5|34.9|32.8|32.3|35.4|33.8|33.7|33.9|50.3|32.6,35.17272727272727
www.etsy.com,05-25-2020,18:21:18,32.3|63.6|35.0|32.2|33.9|35.0|35.0|32.4|33.0|32.7|33.0,36.190909090909095
www.etsy.com,05-25-2020,18:21:18,34.7|33.1|32.7|33.8|32.3|33.3|34.2|33.4|34.5|34.5|34.7,33.74545454545454
www.etsy.com,05-26-2020,14:32:11,73.6|72.1|76.9|98.8|73.2|75.2|74.7|93.7|74.7|76.5|74.8,78.56363636363636
www.etsy.com,05-26-2020,14:32:11,75.5|93.3|74.6|82.6|73.1|111.0|73.9|78.9|73.4|76.1|73.8,80.56363636363636
