en.wikipedia.org,05-11-2020,03:38:43,52.2|44.4|45.7|44.6|44.2|45.9|45.7|46.7|47.9|45.9|45.6,46.25454545454545
en.wikipedia.org,05-11-2020,03:38:43,45.3|45.1|45.5|45.5|44.8|46.7|43.1|44.1|44.7|51.7|47.4,45.809090909090905
en.wikipedia.org,05-11-2020,08:38:41,52.5|66.4|50.0|49.7|49.2|45.4|47.3|45.6|45.5|47.1|44.6,49.3909090909091
en.wikipedia.org,05-11-2020,08:38:41,46.5|50.3|44.9|48.8|46.2|45.9|44.5|47.9|45.7|55.4|49.6,47.79090909090908
en.wikipedia.org,05-12-2020,03:38:14,47.6|46.7|43.7|44.8|47.6|45.9|44.2|52.0|46.0|45.9|45.8,46.38181818181818
en.wikipedia.org,05-12-2020,03:38:14,46.3|45.1|48.4|58.3|52.1|44.7|47.8|45.6|45.0|47.2|45.0,47.77272727272727
en.wikipedia.org,05-12-2020,08:38:12,48.7|47.8|45.9|45.1|46.4|45.5|51.2|46.1|45.2|48.3|46.6,46.98181818181819
en.wikipedia.org,05-12-2020,08:38:12,48.5|47.3|46.7|44.9|51.9|47.5|47.5|47.8|49.2|45.8|47.2,47.66363636363636
en.wikipedia.org,05-13-2020,03:38:09,44.8|49.9|45.1|45.7|48.2|43.9|47.6|44.4|71.7|46.6|47.5,48.67272727272728
en.wikipedia.org,05-13-2020,03:38:09,51.1|47.2|45.5|48.1|44.2|54.2|52.2|48.7|52.3|50.0|45.3,48.98181818181819
en.wikipedia.org,05-13-2020,08:38:12,52.4|51.8|57.2|46.7|50.3|46.5|47.2|44.9|52.3|50.7|47.1,49.73636363636364
en.wikipedia.org,05-13-2020,08:38:12,45.2|51.2|45.9|55.5|53.3|58.8|48.5|51.0|45.9|45.8|47.1,49.83636363636363
en.wikipedia.org,05-14-2020,03:38:23,52.3|44.3|45.6|52.4|47.2|47.7|45.1|44.2|71.1|44.8|46.3,49.18181818181818
en.wikipedia.org,05-14-2020,03:38:23,45.8|47.5|46.7|43.8|44.2|49.9|44.5|45.0|46.4|45.3|44.9,45.81818181818181
en.wikipedia.org,05-14-2020,08:38:17,50.2|45.9|47.2|46.1|47.8|89.8|80.5|44.5|47.2|48.5|45.7,53.94545454545455
en.wikipedia.org,05-14-2020,08:38:17,45.9|49.3|49.3|49.7|46.7|48.3|46.5|63.5|67.6|48.2|45.6,50.96363636363637
en.wikipedia.org,05-15-2020,03:38:09,46.3|49.4|45.3|48.0|45.3|46.7|165.0|118.0|187.0|150.0|45.5,86.04545454545455
en.wikipedia.org,05-15-2020,03:38:09,51.9|49.8|44.5|45.7|48.2|46.6|68.2|52.7|47.1|47.5|47.7,49.9909090909091
en.wikipedia.org,05-15-2020,08:38:13,47.0|45.2|48.4|44.5|44.9|127.0|48.3|50.9|48.3|51.4|50.4,55.118181818181824
en.wikipedia.org,05-15-2020,08:38:13,57.2|51.8|45.9|46.3|49.0|50.5|53.1|46.8|53.9|97.9|49.2,54.690909090909095
en.wikipedia.org,05-17-2020,03:38:13,45.3|46.0|46.0|46.7|54.7|44.8|46.0|46.2|52.3|55.3|48.2,48.31818181818182
en.wikipedia.org,05-17-2020,03:38:13,52.9|49.7|45.0|55.9|44.7|46.9|46.4|47.5|51.1|46.8|44.6,48.31818181818182
en.wikipedia.org,05-17-2020,08:38:28,44.7|45.0|47.7|48.2|46.9|47.9|45.5|45.3|48.9|44.4|46.8,46.481818181818184
en.wikipedia.org,05-17-2020,08:38:28,45.1|49.8|47.6|46.5|46.9|46.7|47.2|45.3|49.6|45.9|58.5,48.1
en.wikipedia.org,05-18-2020,03:38:02,48.3|49.6|52.3|54.6|45.6|47.5|47.6|50.2|53.8|48.9|45.3,49.42727272727273
en.wikipedia.org,05-18-2020,03:38:02,45.8|45.6|47.7|46.1|47.9|55.2|48.8|48.0|44.8|45.4|49.0,47.66363636363636
en.wikipedia.org,05-18-2020,08:38:04,49.9|47.6|50.1|47.2|51.5|59.1|49.5|48.9|51.8|54.0|56.2,51.436363636363645
en.wikipedia.org,05-18-2020,08:38:04,47.7|48.8|47.2|54.4|55.8|48.1|59.1|51.2|49.3|55.1|50.3,51.54545454545455
en.wikipedia.org,05-19-2020,03:38:29,46.5|47.4|48.2|48.7|51.4|46.5|55.0|44.9|46.9|48.7|45.6,48.16363636363636
en.wikipedia.org,05-19-2020,03:38:29,53.3|46.7|49.9|46.5|46.2|45.2|46.7|48.4|44.9|48.6|49.9,47.845454545454544
en.wikipedia.org,05-19-2020,08:38:13,47.9|48.4|91.1|47.8|48.1|50.9|188.0|47.5|47.2|47.1|44.5,64.40909090909092
en.wikipedia.org,05-19-2020,08:38:13,45.2|47.0|56.8|66.1|48.3|47.2|48.2|69.5|46.4|45.3|50.1,51.82727272727272
en.wikipedia.org,05-20-2020,03:38:06,39.2|38.6|42.1|39.9|39.7|40.9|42.4|43.5|39.3|42.5|40.3,40.763636363636365
en.wikipedia.org,05-20-2020,03:38:06,39.7|41.6|41.4|42.4|42.7|37.4|46.8|42.6|46.5|42.4|39.6,42.1
en.wikipedia.org,05-20-2020,08:38:05,46.6|48.8|59.4|46.8|44.8|53.3|48.1|45.3|62.0|45.2|53.6,50.35454545454545
en.wikipedia.org,05-20-2020,08:38:05,46.5|48.9|52.9|46.2|50.8|50.3|54.2|47.7|56.9|45.8|46.2,49.67272727272727
en.wikipedia.org,05-26-2020,03:38:05,52.4|47.3|47.6|45.4|47.0|57.6|45.5|45.8|59.8|46.9|47.1,49.309090909090905
en.wikipedia.org,05-26-2020,03:38:05,45.6|44.4|46.7|49.3|46.7|44.7|47.0|44.6|48.6|45.8|45.3,46.24545454545455
en.wikipedia.org,05-26-2020,08:38:02,47.2|46.6|45.3|46.0|45.6|50.4|48.0|51.9|49.6|46.6|45.2,47.4909090909091
en.wikipedia.org,05-26-2020,08:38:02,48.0|57.6|47.5|49.7|82.2|51.8|45.7|46.4|45.0|45.7|44.6,51.290909090909096
en.wikipedia.org,05-22-2020,03:38:13,47.0|48.0|48.3|44.2|48.3|48.7|47.4|46.2|47.3|47.8|49.0,47.472727272727276
en.wikipedia.org,05-22-2020,03:38:13,47.1|45.7|46.9|54.4|45.2|46.9|49.2|50.1|54.5|48.6|47.5,48.73636363636364
en.wikipedia.org,05-22-2020,08:38:02,48.0|53.8|54.0|49.4|46.6|47.2|49.6|54.6|46.7|50.6|46.1,49.690909090909095
en.wikipedia.org,05-22-2020,08:38:02,47.1|50.9|49.9|52.7|46.2|46.5|48.7|49.7|52.3|51.6|44.6,49.10909090909092
en.wikipedia.org,05-23-2020,03:38:12,44.5|45.4|48.7|45.3|45.1|46.0|44.4|43.9|50.8|45.8|46.3,46.018181818181816
en.wikipedia.org,05-23-2020,03:38:12,45.8|44.5|46.1|48.5|46.3|47.6|46.3|48.3|47.7|50.3|45.2,46.96363636363637
en.wikipedia.org,05-23-2020,08:38:22,48.3|50.6|55.2|64.4|51.9|50.0|57.1|52.3|55.2|51.9|52.8,53.6090909090909
en.wikipedia.org,05-23-2020,08:38:22,52.1|49.5|54.1|49.8|51.0|50.8|58.5|49.6|47.3|49.7|50.0,51.127272727272725
en.wikipedia.org,05-24-2020,03:38:03,55.0|44.8|45.9|48.1|50.7|45.8|47.2|49.4|55.9|46.1|48.0,48.809090909090905
en.wikipedia.org,05-24-2020,03:38:03,49.8|45.2|47.0|46.1|44.4|45.5|51.8|46.3|44.9|46.3|45.4,46.60909090909092
en.wikipedia.org,05-24-2020,08:38:13,51.5|48.3|49.6|47.5|45.3|47.3|45.2|47.9|52.5|48.5|46.6,48.199999999999996
en.wikipedia.org,05-24-2020,08:38:13,45.4|47.6|45.1|48.9|50.3|49.0|47.5|45.5|45.5|51.6|45.2,47.41818181818182
en.wikipedia.org,05-25-2020,03:38:22,43.8|46.0|48.8|46.9|47.3|46.1|45.7|48.5|51.5|46.4|47.7,47.154545454545456
en.wikipedia.org,05-25-2020,03:38:22,50.5|44.5|46.1|44.8|46.2|44.5|47.0|47.0|46.2|44.7|47.2,46.24545454545454
en.wikipedia.org,05-25-2020,08:38:22,47.7|47.7|51.0|45.5|47.2|45.4|49.4|44.1|44.3|54.5|71.0,49.8
en.wikipedia.org,05-25-2020,08:38:22,45.9|48.0|45.8|45.2|46.6|56.4|45.9|53.1|49.1|46.8|52.4,48.654545454545456
