www.wikipedia.jp,05-11-2020,03:38:43,160.0|163.0|162.0|159.0|161.0|162.0|159.0|163.0|160.0|162.0|160.0,161.0
www.wikipedia.jp,05-11-2020,03:38:43,168.0|159.0|161.0|159.0|160.0|159.0|163.0|162.0|179.0|207.0|177.0,168.54545454545453
www.wikipedia.jp,05-11-2020,08:38:41,170.0|161.0|159.0|173.0|170.0|206.0|178.0|162.0|172.0|168.0|177.0,172.36363636363637
www.wikipedia.jp,05-11-2020,08:38:41,166.0|166.0|168.0|166.0|172.0|165.0|171.0|181.0|168.0|164.0|167.0,168.54545454545453
www.wikipedia.jp,05-12-2020,03:38:14,166.0|161.0|169.0|158.0|159.0|158.0|159.0|162.0|159.0|161.0|161.0,161.1818181818182
www.wikipedia.jp,05-12-2020,03:38:14,159.0|159.0|202.0|163.0|160.0|178.0|239.0|214.0|161.0|158.0|162.0,177.72727272727272
www.wikipedia.jp,05-12-2020,08:38:12,166.0|167.0|164.0|163.0|167.0|172.0|163.0|163.0|161.0|159.0|160.0,164.0909090909091
www.wikipedia.jp,05-12-2020,08:38:12,165.0|165.0|163.0|161.0|162.0|170.0|161.0|161.0|166.0|174.0|166.0,164.9090909090909
www.wikipedia.jp,05-13-2020,03:38:09,160.0|159.0|159.0|160.0|163.0|161.0|165.0|161.0|159.0|161.0|165.0,161.1818181818182
www.wikipedia.jp,05-13-2020,03:38:09,159.0|159.0|159.0|214.0|159.0|163.0|159.0|160.0|160.0|218.0|166.0,170.54545454545453
www.wikipedia.jp,05-13-2020,08:38:12,159.0|171.0|163.0|174.0|168.0|165.0|167.0|163.0|163.0|159.0|177.0,166.27272727272728
www.wikipedia.jp,05-13-2020,08:38:12,161.0|162.0|172.0|181.0|195.0|166.0|168.0|172.0|171.0|186.0|169.0,173.0
www.wikipedia.jp,05-14-2020,03:38:23,160.0|186.0|164.0|161.0|159.0|161.0|162.0|159.0|165.0|160.0|172.0,164.45454545454547
www.wikipedia.jp,05-14-2020,03:38:23,197.0|201.0|160.0|160.0|161.0|161.0|160.0|160.0|164.0|160.0|160.0,167.63636363636363
www.wikipedia.jp,05-14-2020,08:38:17,163.0|161.0|162.0|159.0|198.0|161.0|165.0|160.0|163.0|161.0|158.0,164.63636363636363
www.wikipedia.jp,05-14-2020,08:38:17,164.0|160.0|164.0|161.0|167.0|162.0|191.0|192.0|202.0|161.0|162.0,171.45454545454547
www.wikipedia.jp,05-15-2020,03:38:09,169.0|175.0|245.0|216.0|170.0|181.0|170.0|172.0|170.0|171.0|171.0,182.72727272727272
www.wikipedia.jp,05-15-2020,03:38:09,176.0|173.0|170.0|171.0|174.0|171.0|169.0|172.0|308.0|220.0|171.0,188.63636363636363
www.wikipedia.jp,05-15-2020,08:38:13,181.0|172.0|170.0|176.0|176.0|171.0|178.0|173.0|177.0|181.0|175.0,175.45454545454547
www.wikipedia.jp,05-15-2020,08:38:13,173.0|174.0|169.0|170.0|168.0|170.0|181.0|182.0|248.0|176.0|168.0,179.9090909090909
www.wikipedia.jp,05-17-2020,03:38:13,172.0|172.0|173.0|174.0|173.0|172.0|172.0|172.0|174.0|174.0|172.0,172.72727272727272
www.wikipedia.jp,05-17-2020,03:38:13,173.0|174.0|174.0|172.0|192.0|175.0|175.0|175.0|174.0|172.0|175.0,175.54545454545453
www.wikipedia.jp,05-17-2020,08:38:28,172.0|173.0|181.0|173.0|173.0|175.0|173.0|181.0|172.0|175.0|182.0,175.45454545454547
www.wikipedia.jp,05-17-2020,08:38:28,190.0|183.0|182.0|173.0|173.0|178.0|181.0|173.0|199.0|174.0|174.0,180.0
www.wikipedia.jp,05-18-2020,03:38:02,176.0|177.0|176.0|182.0|176.0|175.0|178.0|174.0|174.0|176.0|179.0,176.63636363636363
www.wikipedia.jp,05-18-2020,03:38:02,178.0|173.0|175.0|179.0|177.0|176.0|175.0|177.0|176.0|175.0|174.0,175.9090909090909
www.wikipedia.jp,05-18-2020,08:38:04,175.0|179.0|180.0|174.0|179.0|180.0|192.0|182.0|176.0|184.0|173.0,179.45454545454547
www.wikipedia.jp,05-18-2020,08:38:04,181.0|182.0|175.0|174.0|189.0|174.0|180.0|173.0|176.0|174.0|183.0,178.27272727272728
www.wikipedia.jp,05-19-2020,03:38:29,176.0|183.0|173.0|173.0|175.0|181.0|180.0|173.0|176.0|176.0|177.0,176.63636363636363
www.wikipedia.jp,05-19-2020,03:38:29,173.0|175.0|183.0|180.0|175.0|179.0|182.0|176.0|177.0|179.0|174.0,177.54545454545453
www.wikipedia.jp,05-19-2020,08:38:13,181.0|178.0|177.0|181.0|177.0|174.0|174.0|177.0|190.0|174.0|176.0,178.0909090909091
www.wikipedia.jp,05-19-2020,08:38:13,302.0|189.0|179.0|182.0|305.0|175.0|175.0|175.0|302.0|179.0|178.0,212.8181818181818
www.wikipedia.jp,05-20-2020,03:38:06,176.0|174.0|175.0|173.0|174.0|180.0|174.0|176.0|180.0|174.0|177.0,175.72727272727272
www.wikipedia.jp,05-20-2020,03:38:06,176.0|173.0|173.0|176.0|174.0|174.0|174.0|172.0|174.0|174.0|177.0,174.27272727272728
www.wikipedia.jp,05-20-2020,08:38:05,177.0|175.0|181.0|178.0|277.0|178.0|177.0|175.0|174.0|177.0|175.0,185.8181818181818
www.wikipedia.jp,05-20-2020,08:38:05,174.0|174.0|177.0|181.0|175.0|180.0|174.0|178.0|174.0|175.0|175.0,176.0909090909091
www.wikipedia.jp,05-26-2020,03:38:05,173.0|174.0|172.0|169.0|171.0|169.0|172.0|169.0|173.0|177.0|172.0,171.9090909090909
www.wikipedia.jp,05-26-2020,03:38:05,171.0|174.0|171.0|170.0|170.0|173.0|170.0|179.0|172.0|172.0|180.0,172.9090909090909
www.wikipedia.jp,05-26-2020,08:38:02,247.0|211.0|217.0|225.0|209.0|214.0|232.0|200.0|204.0|208.0|208.0,215.9090909090909
www.wikipedia.jp,05-26-2020,08:38:02,178.0|202.0|194.0|211.0|196.0|181.0|178.0|183.0|172.0|184.0|171.0,186.36363636363637
www.wikipedia.jp,05-22-2020,03:38:13,177.0|174.0|173.0|174.0|174.0|174.0|173.0|176.0|173.0|174.0|176.0,174.36363636363637
www.wikipedia.jp,05-22-2020,03:38:13,178.0|176.0|174.0|173.0|173.0|175.0|173.0|176.0|174.0|174.0|174.0,174.54545454545453
www.wikipedia.jp,05-22-2020,08:38:02,183.0|179.0|181.0|188.0|175.0|175.0|172.0|175.0|176.0|177.0|192.0,179.36363636363637
www.wikipedia.jp,05-22-2020,08:38:02,177.0|176.0|181.0|179.0|181.0|176.0|194.0|178.0|175.0|174.0|175.0,178.72727272727272
www.wikipedia.jp,05-23-2020,03:38:12,170.0|170.0|171.0|172.0|171.0|172.0|177.0|169.0|170.0|170.0|173.0,171.36363636363637
www.wikipedia.jp,05-23-2020,03:38:12,170.0|176.0|171.0|175.0|171.0|171.0|169.0|171.0|174.0|171.0|170.0,171.72727272727272
www.wikipedia.jp,05-23-2020,08:38:22,181.0|175.0|175.0|180.0|181.0|184.0|183.0|174.0|177.0|175.0|183.0,178.9090909090909
www.wikipedia.jp,05-23-2020,08:38:22,180.0|174.0|183.0|201.0|196.0|186.0|182.0|200.0|190.0|197.0|192.0,189.1818181818182
www.wikipedia.jp,05-24-2020,03:38:03,170.0|170.0|169.0|172.0|170.0|171.0|171.0|171.0|171.0|172.0|177.0,171.27272727272728
www.wikipedia.jp,05-24-2020,03:38:03,176.0|170.0|170.0|169.0|169.0|169.0|172.0|171.0|171.0|173.0|172.0,171.0909090909091
www.wikipedia.jp,05-24-2020,08:38:13,176.0|170.0|171.0|170.0|178.0|173.0|170.0|171.0|169.0|174.0|174.0,172.36363636363637
www.wikipedia.jp,05-24-2020,08:38:13,176.0|177.0|169.0|171.0|179.0|171.0|171.0|171.0|177.0|170.0|178.0,173.63636363636363
www.wikipedia.jp,05-25-2020,03:38:22,185.0|189.0|170.0|174.0|175.0|172.0|178.0|171.0|172.0|171.0|173.0,175.45454545454547
www.wikipedia.jp,05-25-2020,03:38:22,170.0|177.0|174.0|170.0|176.0|186.0|170.0|170.0|170.0|178.0|169.0,173.63636363636363
www.wikipedia.jp,05-25-2020,08:38:22,170.0|175.0|175.0|174.0|169.0|170.0|169.0|171.0|175.0|171.0|170.0,171.72727272727272
www.wikipedia.jp,05-25-2020,08:38:22,170.0|170.0|171.0|169.0|169.0|171.0|170.0|172.0|170.0|170.0|172.0,170.36363636363637
