www.chicagotribune.com,05-11-2020,03:38:43,46.0|37.2|31.9|34.9|33.0|37.1|36.1|37.2|34.5|43.3|33.8,36.81818181818182
www.chicagotribune.com,05-11-2020,03:38:43,33.2|32.8|31.7|32.5|33.7|36.3|34.5|34.8|43.9|38.3|35.1,35.163636363636364
www.chicagotribune.com,05-11-2020,08:38:41,32.8|36.5|34.6|36.8|34.3|162.0|44.2|34.4|33.7|38.8|33.8,47.445454545454545
www.chicagotribune.com,05-11-2020,08:38:41,40.6|34.9|35.8|32.8|36.7|31.9|33.3|34.0|33.2|35.6|32.3,34.64545454545455
www.chicagotribune.com,05-12-2020,03:38:14,45.6|32.5|33.9|32.9|31.4|37.0|33.2|32.9|34.7|36.1|122.0,42.92727272727273
www.chicagotribune.com,05-12-2020,03:38:14,33.1|32.2|33.1|36.5|32.6|36.3|32.8|40.6|32.8|32.6|33.5,34.190909090909095
www.chicagotribune.com,05-12-2020,08:38:12,36.1|34.5|41.0|38.6|37.5|37.9|39.4|35.3|49.2|40.2|34.1,38.527272727272724
www.chicagotribune.com,05-12-2020,08:38:12,34.2|36.2|37.3|33.6|34.4|37.3|34.1|38.5|32.9|35.6|44.0,36.190909090909095
www.chicagotribune.com,05-13-2020,03:38:09,33.8|34.6|42.7|38.2|34.0|45.5|35.6|33.8|33.3|32.5|35.4,36.30909090909091
www.chicagotribune.com,05-13-2020,03:38:09,32.5|32.4|33.4|34.1|48.9|34.6|31.6|35.3|38.7|47.2|35.4,36.736363636363635
www.chicagotribune.com,05-13-2020,08:38:12,35.0|36.0|33.2|33.5|34.2|34.2|39.1|33.6|52.0|36.2|34.2,36.47272727272727
www.chicagotribune.com,05-13-2020,08:38:12,36.1|36.2|33.2|34.3|34.1|35.5|42.1|32.6|40.1|32.0|37.0,35.74545454545455
www.chicagotribune.com,05-14-2020,03:38:23,25.2|25.7|27.6|28.1|36.6|28.9|33.9|26.8|27.1|25.7|25.5,28.281818181818185
www.chicagotribune.com,05-14-2020,03:38:23,26.5|26.2|27.3|26.3|29.1|27.2|27.5|26.5|27.5|25.2|24.9,26.745454545454546
www.chicagotribune.com,05-14-2020,08:38:17,33.6|35.7|34.3|49.6|35.4|45.5|71.4|35.3|35.0|41.6|37.4,41.34545454545455
www.chicagotribune.com,05-14-2020,08:38:17,42.5|39.5|33.2|83.3|65.8|73.4|37.5|37.6|33.6|33.3|34.0,46.7
www.chicagotribune.com,05-15-2020,03:38:09,26.4|37.6|30.8|29.2|26.0|27.3|64.1|68.9|57.7|27.7|25.4,38.28181818181818
www.chicagotribune.com,05-15-2020,03:38:09,76.2|50.2|26.9|26.8|27.4|25.8|27.9|27.6|28.8|68.7|68.3,41.32727272727273
www.chicagotribune.com,05-15-2020,08:38:13,35.2|31.6|33.2|35.5|32.3|32.8|38.4|33.5|33.9|35.0|33.0,34.03636363636363
www.chicagotribune.com,05-15-2020,08:38:13,33.3|32.2|35.9|31.8|38.1|36.6|37.0|33.5|35.3|37.0|38.9,35.418181818181814
www.chicagotribune.com,05-17-2020,03:38:13,31.2|35.2|38.0|32.5|34.5|32.4|31.0|34.6|32.8|33.3|31.4,33.35454545454545
www.chicagotribune.com,05-17-2020,03:38:13,35.8|32.4|34.2|31.7|35.8|42.6|33.1|34.3|36.3|31.8|33.0,34.63636363636363
www.chicagotribune.com,05-17-2020,08:38:28,32.3|33.2|31.9|39.6|32.5|32.8|33.5|33.0|34.6|33.1|36.2,33.88181818181818
www.chicagotribune.com,05-17-2020,08:38:28,32.6|31.8|35.4|36.9|32.8|34.8|47.0|102.0|39.5|35.6|34.3,42.06363636363636
www.chicagotribune.com,05-18-2020,03:38:02,32.9|34.0|33.8|33.9|32.5|34.6|34.7|36.4|33.9|33.8|35.2,34.15454545454545
www.chicagotribune.com,05-18-2020,03:38:02,35.6|35.6|35.2|44.5|33.8|33.5|35.1|34.2|42.7|41.8|34.7,36.97272727272727
www.chicagotribune.com,05-18-2020,08:38:04,37.4|38.1|36.3|37.4|36.4|37.0|34.8|37.6|37.3|35.4|33.5,36.47272727272727
www.chicagotribune.com,05-18-2020,08:38:04,35.0|35.5|34.5|35.1|35.6|42.0|36.1|37.2|36.4|40.8|35.1,36.663636363636364
www.chicagotribune.com,05-19-2020,03:38:29,34.7|32.6|34.3|34.4|38.2|35.7|32.9|36.0|33.2|33.5|39.8,35.02727272727273
www.chicagotribune.com,05-19-2020,03:38:29,33.6|37.5|35.2|68.3|37.8|32.7|42.3|36.2|35.1|38.3|40.7,39.790909090909096
www.chicagotribune.com,05-19-2020,08:38:13,36.2|43.8|35.6|37.5|40.8|33.3|38.1|33.6|35.9|39.2|32.8,36.98181818181818
www.chicagotribune.com,05-19-2020,08:38:13,38.0|36.3|32.8|35.9|156.0|36.8|35.2|33.8|169.0|39.4|35.6,58.98181818181818
www.chicagotribune.com,05-20-2020,03:38:06,25.8|26.6|26.1|24.2|24.5|24.9|25.1|25.7|26.0|24.5|25.6,25.363636363636363
www.chicagotribune.com,05-20-2020,03:38:06,33.6|32.1|33.8|32.2|32.1|33.5|37.0|31.8|33.2|36.2|33.1,33.50909090909091
www.chicagotribune.com,05-20-2020,08:38:05,33.9|34.2|32.4|34.1|36.3|34.0|43.8|34.8|34.3|34.7|40.5,35.72727272727273
www.chicagotribune.com,05-20-2020,08:38:05,35.3|35.0|31.6|74.7|39.6|32.0|37.0|33.7|35.3|75.6|36.8,42.41818181818183
www.chicagotribune.com,05-26-2020,03:38:05,31.9|32.8|33.9|31.9|34.6|35.4|38.2|34.8|33.6|33.7|33.0,33.981818181818184
www.chicagotribune.com,05-26-2020,03:38:05,35.0|37.5|32.9|33.7|34.5|36.6|35.5|39.3|33.2|35.7|32.7,35.14545454545454
www.chicagotribune.com,05-26-2020,08:38:02,33.7|34.1|41.9|35.0|34.5|35.3|34.1|33.8|32.6|35.2|33.9,34.918181818181814
www.chicagotribune.com,05-26-2020,08:38:02,34.1|35.2|33.0|34.3|39.9|45.1|32.3|34.5|33.4|35.2|42.5,36.31818181818182
www.chicagotribune.com,05-22-2020,03:38:13,33.4|36.0|43.9|33.0|33.2|33.8|33.0|52.5|32.2|33.0|34.8,36.25454545454546
www.chicagotribune.com,05-22-2020,03:38:13,39.7|39.7|32.2|33.3|34.9|31.4|40.3|33.0|32.7|40.6|32.1,35.445454545454545
www.chicagotribune.com,05-22-2020,08:38:02,36.1|35.7|36.6|34.9|36.4|36.9|34.9|34.7|36.5|56.7|51.9,39.209090909090904
www.chicagotribune.com,05-22-2020,08:38:02,38.1|34.1|39.8|38.7|44.7|37.2|36.0|33.2|34.4|33.7|41.9,37.43636363636363
www.chicagotribune.com,05-23-2020,03:38:12,34.1|37.3|31.9|32.8|33.1|36.9|33.0|33.5|37.8|31.8|31.7,33.99090909090909
www.chicagotribune.com,05-23-2020,03:38:12,32.5|34.6|34.1|34.0|36.2|32.3|33.8|33.9|33.2|34.2|33.4,33.83636363636363
www.chicagotribune.com,05-23-2020,08:38:22,46.5|41.4|39.3|37.2|35.5|45.1|40.9|43.3|39.3|37.3|41.2,40.63636363636363
www.chicagotribune.com,05-23-2020,08:38:22,37.8|39.0|34.5|38.6|36.7|36.2|38.6|38.5|36.1|44.3|36.4,37.88181818181818
www.chicagotribune.com,05-24-2020,03:38:03,33.4|42.0|32.1|32.8|33.7|33.7|33.8|33.1|56.9|34.9|32.3,36.24545454545454
www.chicagotribune.com,05-24-2020,03:38:03,26.1|26.1|54.6|27.7|26.1|28.6|28.0|51.0|26.3|26.4|25.7,31.509090909090904
www.chicagotribune.com,05-24-2020,08:38:13,34.0|35.5|35.1|32.5|31.7|33.2|34.9|34.1|39.4|32.7|36.3,34.49090909090909
www.chicagotribune.com,05-24-2020,08:38:13,33.2|35.7|34.3|33.5|34.2|33.8|33.5|41.6|41.9|34.9|32.1,35.33636363636363
www.chicagotribune.com,05-25-2020,03:38:22,36.9|34.3|33.6|36.5|32.8|34.8|33.6|33.0|32.8|34.3|33.3,34.17272727272728
www.chicagotribune.com,05-25-2020,03:38:22,36.4|32.6|32.4|34.6|32.9|33.8|32.5|32.2|40.4|32.3|33.1,33.92727272727273
www.chicagotribune.com,05-25-2020,08:38:22,32.6|37.4|32.1|39.5|33.4|35.6|35.2|31.9|33.4|33.3|33.0,34.309090909090905
www.chicagotribune.com,05-25-2020,08:38:22,36.0|37.2|34.7|33.8|39.4|40.7|35.0|37.0|34.9|35.3|32.4,36.03636363636363
