www.reddit.com,05-11-2020,03:38:43,26.8|25.5|24.4|25.8|25.9|26.4|24.8|28.7|25.4|27.2|27.8,26.24545454545455
www.reddit.com,05-11-2020,03:38:43,27.4|24.8|25.3|25.2|26.0|24.8|24.4|28.8|26.1|26.2|28.8,26.163636363636364
www.reddit.com,05-11-2020,08:38:41,81.5|26.5|25.7|25.6|28.0|25.6|80.8|24.2|25.6|25.3|24.5,35.75454545454546
www.reddit.com,05-11-2020,08:38:41,32.0|27.2|27.5|25.2|24.4|26.4|23.8|24.4|24.5|24.7|26.4,26.045454545454547
www.reddit.com,05-12-2020,03:38:14,24.7|29.0|27.5|29.5|28.5|26.7|26.5|29.1|25.4|24.5|29.5,27.354545454545452
www.reddit.com,05-12-2020,03:38:14,24.4|26.7|25.8|35.1|24.5|28.3|32.3|26.9|26.6|24.4|26.2,27.38181818181818
www.reddit.com,05-12-2020,08:38:12,31.2|27.2|26.1|30.3|33.4|25.7|26.7|26.8|25.6|28.6|27.1,28.063636363636366
www.reddit.com,05-12-2020,08:38:12,25.6|31.9|25.7|24.9|26.2|31.4|27.5|25.1|28.6|31.2|28.0,27.827272727272724
www.reddit.com,05-13-2020,03:38:09,25.5|25.3|24.4|24.4|26.1|25.4|25.5|23.5|24.0|24.9|25.3,24.936363636363637
www.reddit.com,05-13-2020,03:38:09,24.7|27.4|24.7|26.5|28.8|27.8|32.0|27.9|25.2|24.5|27.6,27.00909090909091
www.reddit.com,05-13-2020,08:38:12,26.3|25.3|26.7|25.5|28.3|26.7|46.4|26.2|26.1|24.6|25.4,27.954545454545453
www.reddit.com,05-13-2020,08:38:12,25.8|30.4|29.8|25.1|23.6|26.7|25.7|25.9|26.2|25.7|29.1,26.727272727272727
www.reddit.com,05-14-2020,03:38:23,25.0|24.2|26.3|25.2|25.4|24.5|30.0|29.4|31.0|26.4|27.6,26.818181818181817
www.reddit.com,05-14-2020,03:38:23,25.2|24.9|25.8|24.8|26.4|23.6|24.2|26.7|25.3|25.7|29.8,25.672727272727272
www.reddit.com,05-14-2020,08:38:17,25.4|26.2|27.3|74.3|59.6|24.7|30.8|28.3|26.8|27.8|34.1,35.02727272727273
www.reddit.com,05-14-2020,08:38:17,25.4|26.5|26.2|27.4|27.6|28.7|41.5|55.7|36.6|28.4|33.1,32.46363636363637
www.reddit.com,05-15-2020,03:38:09,26.1|24.9|65.2|65.8|61.2|62.2|74.8|76.0|70.6|56.3|59.6,58.42727272727273
www.reddit.com,05-15-2020,03:38:09,26.9|27.8|25.7|27.7|28.2|27.1|25.9|26.4|25.0|33.4|75.8,31.80909090909091
www.reddit.com,05-15-2020,08:38:13,30.5|27.4|25.2|25.1|25.9|30.5|30.8|26.2|27.7|26.4|25.2,27.354545454545452
www.reddit.com,05-15-2020,08:38:13,27.2|29.7|34.7|27.4|27.9|28.1|27.1|23.9|27.4|28.0|25.9,27.936363636363634
www.reddit.com,05-17-2020,03:38:13,26.7|28.8|25.0|34.2|26.0|26.3|25.4|26.3|28.1|25.8|26.6,27.2
www.reddit.com,05-17-2020,03:38:13,25.3|27.3|26.2|26.5|26.4|27.3|25.4|26.0|25.8|28.0|28.7,26.62727272727273
www.reddit.com,05-17-2020,08:38:28,26.7|30.9|24.5|41.4|24.5|26.1|32.1|25.5|27.1|24.5|24.8,28.00909090909091
www.reddit.com,05-17-2020,08:38:28,24.2|37.0|27.5|25.7|33.7|26.1|25.6|38.0|35.8|27.9|26.2,29.79090909090909
www.reddit.com,05-18-2020,03:38:02,26.8|25.4|71.0|26.5|29.0|27.9|30.9|25.9|26.5|27.9|29.7,31.590909090909086
www.reddit.com,05-18-2020,03:38:02,27.0|26.7|29.1|28.3|29.1|31.9|26.3|34.0|29.5|27.5|36.2,29.599999999999998
www.reddit.com,05-18-2020,08:38:04,28.9|29.6|28.4|27.3|32.8|33.8|28.2|29.2|27.3|42.3|31.8,30.872727272727275
www.reddit.com,05-18-2020,08:38:04,24.7|27.5|26.5|27.9|42.9|28.2|26.3|30.2|28.5|28.8|32.3,29.436363636363637
www.reddit.com,05-19-2020,03:38:29,25.7|27.4|25.9|26.6|26.0|27.2|26.4|27.1|24.9|26.9|29.4,26.681818181818183
www.reddit.com,05-19-2020,03:38:29,25.8|28.4|27.2|25.1|43.1|27.3|25.3|30.0|25.6|29.2|25.2,28.38181818181818
www.reddit.com,05-19-2020,08:38:13,25.3|24.5|30.4|33.1|25.3|25.0|28.0|30.8|25.8|26.1|24.2,27.136363636363637
www.reddit.com,05-19-2020,08:38:13,25.9|28.7|27.3|28.0|29.0|27.8|162.0|26.8|26.4|28.9|75.1,44.17272727272727
www.reddit.com,05-20-2020,03:38:06,24.5|31.8|31.0|29.8|29.5|26.3|26.1|28.3|26.5|28.6|24.5,27.900000000000002
www.reddit.com,05-20-2020,03:38:06,25.2|26.9|24.4|26.1|23.7|27.7|27.2|24.8|23.1|23.9|26.0,25.363636363636363
www.reddit.com,05-20-2020,08:38:05,29.2|24.6|27.0|25.7|24.7|24.6|91.0|25.6|25.8|24.9|28.0,31.918181818181814
www.reddit.com,05-20-2020,08:38:05,24.8|27.5|32.9|30.4|103.0|28.7|28.6|29.0|26.0|27.3|107.0,42.29090909090909
www.reddit.com,05-26-2020,03:38:05,30.0|24.1|29.6|29.3|26.4|32.5|41.0|33.5|27.0|24.9|32.5,30.072727272727267
www.reddit.com,05-26-2020,03:38:05,27.2|26.2|29.3|25.7|26.1|25.4|27.0|27.1|33.4|29.0|31.0,27.94545454545454
www.reddit.com,05-26-2020,08:38:02,36.8|24.5|27.6|25.3|27.8|26.1|24.0|26.7|35.3|25.9|27.3,27.936363636363637
www.reddit.com,05-26-2020,08:38:02,26.3|28.5|23.9|29.2|40.8|26.0|30.1|93.1|25.6|25.0|24.5,33.90909090909091
www.reddit.com,05-22-2020,03:38:13,25.7|26.8|28.4|24.8|26.1|28.1|25.9|24.4|26.9|26.5|31.7,26.845454545454547
www.reddit.com,05-22-2020,03:38:13,24.7|27.3|26.0|25.0|32.9|28.8|29.1|27.0|30.3|28.3|24.8,27.65454545454546
www.reddit.com,05-22-2020,08:38:02,30.3|28.2|26.3|26.1|27.3|35.8|29.6|24.5|27.0|25.8|25.1,27.818181818181817
www.reddit.com,05-22-2020,08:38:02,25.8|25.9|24.4|40.8|28.5|32.0|30.3|41.9|29.3|30.0|44.1,32.09090909090909
www.reddit.com,05-23-2020,03:38:12,26.9|26.3|25.3|34.3|35.9|24.7|25.6|26.0|27.7|33.6|25.0,28.3
www.reddit.com,05-23-2020,03:38:12,26.9|26.6|27.6|26.7|25.6|23.6|25.1|24.5|29.0|24.5|25.0,25.91818181818182
www.reddit.com,05-23-2020,08:38:22,35.9|31.2|34.0|29.9|27.1|28.1|33.8|33.3|27.4|28.4|30.1,30.836363636363636
www.reddit.com,05-23-2020,08:38:22,28.0|31.3|39.1|33.9|31.2|29.5|37.5|26.7|28.5|30.0|34.7,31.85454545454546
www.reddit.com,05-24-2020,03:38:03,25.9|23.6|24.5|23.9|23.9|25.9|24.4|27.8|24.1|25.4|35.8,25.927272727272726
www.reddit.com,05-24-2020,03:38:03,23.7|24.4|27.4|27.0|26.4|29.4|27.4|24.6|28.3|34.2|24.8,27.05454545454546
www.reddit.com,05-24-2020,08:38:13,25.6|26.7|38.3|27.8|26.6|26.5|24.4|29.9|55.5|26.0|23.9,30.10909090909091
www.reddit.com,05-24-2020,08:38:13,29.4|33.3|30.6|27.5|26.8|26.2|29.0|28.2|34.0|39.6|27.1,30.15454545454546
www.reddit.com,05-25-2020,03:38:22,29.3|24.5|25.1|25.3|26.7|27.9|35.0|25.7|25.8|26.4|29.2,27.354545454545452
www.reddit.com,05-25-2020,03:38:22,26.9|24.9|43.2|27.3|25.5|28.2|27.5|26.2|23.9|27.5|32.4,28.5
www.reddit.com,05-25-2020,08:38:22,25.2|27.6|24.8|26.6|26.0|33.2|43.0|30.8|28.6|24.9|26.3,28.818181818181817
www.reddit.com,05-25-2020,08:38:22,41.5|24.5|26.2|24.4|25.2|25.8|26.1|25.0|28.9|23.7|29.4,27.336363636363636
