www.youtube.com,05-11-2020,03:38:43,34.1|33.2|30.8|30.3|30.9|31.0|40.9|35.1|34.8|31.1|35.1,33.3909090909091
www.youtube.com,05-11-2020,03:38:43,39.3|36.0|36.9|35.8|39.1|32.4|35.6|32.1|36.6|36.8|35.7,36.02727272727273
www.youtube.com,05-11-2020,08:38:41,29.5|25.7|27.9|25.6|25.7|94.1|37.7|31.5|26.2|26.6|27.0,34.31818181818182
www.youtube.com,05-11-2020,08:38:41,25.8|30.3|27.7|28.0|27.2|25.8|26.6|49.2|26.4|25.4|25.8,28.927272727272726
www.youtube.com,05-12-2020,03:38:14,25.6|25.7|26.6|24.6|29.7|26.1|28.1|24.1|31.0|26.5|26.7,26.79090909090909
www.youtube.com,05-12-2020,03:38:14,26.5|25.9|25.0|26.7|25.5|35.7|25.8|24.2|25.8|25.8|25.9,26.61818181818182
www.youtube.com,05-12-2020,08:38:12,28.8|31.5|25.8|26.4|26.7|27.6|25.8|28.2|25.9|26.1|27.7,27.318181818181817
www.youtube.com,05-12-2020,08:38:12,34.0|27.1|30.5|26.4|26.2|25.7|26.1|35.2|24.9|29.6|31.1,28.8
www.youtube.com,05-13-2020,03:38:09,33.1|32.1|31.1|29.7|27.7|26.6|26.5|26.1|25.0|28.2|31.0,28.827272727272724
www.youtube.com,05-13-2020,03:38:09,25.3|26.0|25.4|25.5|27.8|32.2|25.8|24.5|27.2|84.2|41.6,33.22727272727273
www.youtube.com,05-13-2020,08:38:12,34.7|33.2|37.9|33.4|33.2|33.0|34.7|36.1|34.0|36.8|36.3,34.845454545454544
www.youtube.com,05-13-2020,08:38:12,35.2|36.5|32.4|37.0|33.8|32.0|39.0|34.9|35.1|33.4|36.5,35.07272727272727
www.youtube.com,05-14-2020,03:38:23,24.0|24.0|25.3|31.7|24.4|27.2|24.4|25.8|25.9|27.2|24.8,25.881818181818186
www.youtube.com,05-14-2020,03:38:23,27.7|24.3|24.8|24.9|32.7|25.8|29.1|25.1|27.3|25.6|25.2,26.59090909090909
www.youtube.com,05-14-2020,08:38:17,60.5|35.1|24.4|27.7|31.0|33.1|34.3|65.9|62.4|29.5|24.9,38.98181818181818
www.youtube.com,05-14-2020,08:38:17,29.4|33.6|27.5|27.7|38.1|58.7|53.7|26.1|26.5|26.7|30.7,34.42727272727273
www.youtube.com,05-15-2020,03:38:09,40.3|54.1|45.5|61.1|48.3|30.6|69.3|81.4|27.5|122.0|88.3,60.76363636363636
www.youtube.com,05-15-2020,03:38:09,59.2|61.5|62.3|57.1|56.8|62.7|86.9|66.0|132.0|36.3|28.0,64.43636363636364
www.youtube.com,05-15-2020,08:38:13,25.7|25.7|26.0|37.7|25.2|25.5|28.5|33.9|38.7|29.4|25.7,29.272727272727266
www.youtube.com,05-15-2020,08:38:13,27.1|31.9|26.3|25.1|29.2|26.6|25.5|29.9|29.4|33.6|27.3,28.35454545454546
www.youtube.com,05-17-2020,03:38:13,35.0|31.4|36.2|40.7|28.3|28.5|27.2|27.8|32.8|26.9|27.3,31.1
www.youtube.com,05-17-2020,03:38:13,28.2|29.0|25.1|25.1|31.0|32.3|25.6|25.7|27.3|28.5|27.0,27.70909090909091
www.youtube.com,05-17-2020,08:38:28,25.5|24.0|25.5|23.7|25.8|28.2|27.6|26.9|27.9|24.7|24.1,25.809090909090912
www.youtube.com,05-17-2020,08:38:28,24.0|27.2|25.7|25.8|25.4|33.2|24.0|25.8|27.1|35.4|24.6,27.109090909090913
www.youtube.com,05-18-2020,03:38:02,35.1|27.9|27.1|27.3|24.9|27.0|26.7|25.4|28.0|28.1|26.6,27.645454545454548
www.youtube.com,05-18-2020,03:38:02,29.6|27.8|27.3|30.8|26.5|28.6|29.6|27.7|29.0|26.2|27.1,28.2
www.youtube.com,05-18-2020,08:38:04,38.6|38.2|35.7|35.1|36.2|34.5|41.0|35.0|33.6|38.5|34.9,36.481818181818184
www.youtube.com,05-18-2020,08:38:04,37.8|35.0|39.3|38.9|53.0|34.2|40.7|35.0|33.3|34.0|37.4,38.054545454545455
www.youtube.com,05-19-2020,03:38:29,24.0|26.0|28.6|31.2|28.4|27.3|27.1|27.4|25.8|28.5|27.1,27.400000000000002
www.youtube.com,05-19-2020,03:38:29,24.7|28.8|25.7|24.8|26.5|26.6|28.8|26.7|25.2|26.4|26.6,26.436363636363637
www.youtube.com,05-19-2020,08:38:13,33.1|60.9|28.1|25.4|25.4|33.7|23.8|25.6|25.1|25.5|25.0,30.145454545454548
www.youtube.com,05-19-2020,08:38:13,29.9|26.1|153.0|25.7|26.4|25.2|161.0|27.1|29.7|29.9|150.0,62.18181818181818
www.youtube.com,05-20-2020,03:38:06,27.2|24.7|24.2|26.5|27.4|24.8|26.1|25.8|31.5|28.1|25.1,26.490909090909096
www.youtube.com,05-20-2020,03:38:06,26.3|34.8|28.6|32.9|27.3|25.6|25.3|25.1|24.3|24.9|23.9,27.181818181818183
www.youtube.com,05-20-2020,08:38:05,27.4|25.6|29.5|30.3|27.1|27.8|24.5|28.1|27.0|30.6|27.8,27.790909090909096
www.youtube.com,05-20-2020,08:38:05,25.9|29.7|111.0|25.1|36.4|102.0|26.4|24.6|28.1|25.3|26.0,41.86363636363637
www.youtube.com,05-26-2020,03:38:05,26.8|27.4|26.2|26.5|25.2|26.6|30.9|44.6|25.8|26.9|28.8,28.7
www.youtube.com,05-26-2020,03:38:05,25.1|26.7|31.6|25.2|25.0|37.5|28.3|26.2|25.1|25.3|26.0,27.454545454545453
www.youtube.com,05-26-2020,08:38:02,26.9|28.1|25.4|32.8|26.2|33.4|28.4|30.7|30.5|26.4|25.5,28.572727272727267
www.youtube.com,05-26-2020,08:38:02,28.0|32.0|26.4|26.6|25.4|24.4|27.4|25.4|26.1|25.7|25.8,26.654545454545453
www.youtube.com,05-22-2020,03:38:13,34.8|28.5|30.3|25.0|25.9|25.5|33.3|25.8|25.1|26.3|27.4,27.99090909090909
www.youtube.com,05-22-2020,03:38:13,26.3|26.2|25.7|28.5|29.0|24.3|25.0|25.1|30.3|27.5|26.4,26.754545454545454
www.youtube.com,05-22-2020,08:38:02,25.8|25.2|26.5|44.5|31.5|28.6|25.8|34.1|27.6|26.0|28.1,29.427272727272733
www.youtube.com,05-22-2020,08:38:02,29.3|27.2|27.5|25.2|26.7|30.9|26.6|28.3|26.3|26.6|28.6,27.563636363636366
www.youtube.com,05-23-2020,03:38:12,27.6|26.0|24.4|24.3|25.8|25.0|29.5|24.9|25.2|26.1|28.4,26.10909090909091
www.youtube.com,05-23-2020,03:38:12,26.8|27.9|24.9|26.0|27.2|24.3|23.7|28.5|24.7|25.8|25.1,25.900000000000002
www.youtube.com,05-23-2020,08:38:22,35.4|30.7|30.4|29.5|35.0|31.3|32.4|34.5|28.0|31.6|28.5,31.572727272727274
www.youtube.com,05-23-2020,08:38:22,29.9|30.6|28.7|28.1|33.8|30.6|28.3|31.1|28.7|33.5|30.7,30.363636363636363
www.youtube.com,05-24-2020,03:38:03,32.9|30.7|25.8|25.0|25.8|26.3|30.3|25.4|23.7|30.3|24.4,27.327272727272724
www.youtube.com,05-24-2020,03:38:03,25.2|25.2|24.9|29.1|24.6|25.2|30.4|25.1|26.1|25.2|26.7,26.154545454545453
www.youtube.com,05-24-2020,08:38:13,32.2|28.3|28.2|26.2|25.6|28.0|28.0|36.6|26.4|28.6|32.8,29.172727272727276
www.youtube.com,05-24-2020,08:38:13,34.3|29.5|25.4|26.8|27.7|26.5|27.0|31.9|28.3|33.2|27.0,28.87272727272727
www.youtube.com,05-25-2020,03:38:22,32.4|33.0|32.9|33.4|32.2|31.5|31.9|35.2|32.1|32.3|34.6,32.86363636363637
www.youtube.com,05-25-2020,03:38:22,32.8|34.7|33.3|32.6|38.1|33.1|32.0|32.2|32.4|32.4|33.1,33.336363636363636
www.youtube.com,05-25-2020,08:38:22,27.8|27.4|25.9|27.1|24.6|26.3|25.0|35.3|23.9|27.1|31.9,27.481818181818184
www.youtube.com,05-25-2020,08:38:22,26.9|25.8|28.1|27.4|30.3|24.1|25.2|24.5|25.7|28.2|29.8,26.90909090909091
