en.wikipedia.org,05-12-2020,15:37:52,164.0|221.0|172.0|65.0|1076.0|160.0|108.0|98.4|87.1|985.0|748.0,353.1363636363636
en.wikipedia.org,05-12-2020,15:37:52,283.0|29.4|192.0|1068.0|354.0|53.8|639.0|66.7|45.4|342.0|146.0,292.6636363636364
en.wikipedia.org,05-12-2020,22:06:24,119.0|120.0|190.0|64.4|55.9|131.0|73.8|103.0|145.0|332.0|44.7,125.34545454545454
en.wikipedia.org,05-12-2020,22:06:24,50.8|43.3|42.1|27.4|37.9|30.5|30.2|24.5|33.7|45.7|37.5,36.69090909090909
en.wikipedia.org,05-13-2020,15:36:07,47.9|49.1|63.6|48.7|40.9|47.7|41.7|30.1|42.1|34.8|44.7,44.66363636363637
en.wikipedia.org,05-13-2020,15:36:07,33.3|64.7|48.1|47.1|48.9|58.8|64.6|45.9|49.4|45.0|43.1,49.9
en.wikipedia.org,05-13-2020,22:06:52,458.0|86.8|121.0|91.6|103.0|84.9|67.9|76.6|42.1|131.0|535.0,163.44545454545454
en.wikipedia.org,05-13-2020,22:06:52,56.5|90.8|131.0|183.0|227.0|189.0|64.8|106.0|123.0|360.0|115.0,149.64545454545453
en.wikipedia.org,05-14-2020,15:36:14,38.7|45.0|36.9|29.3|44.1|110.0|258.0|272.0|50.7|43.1|49.1,88.80909090909091
en.wikipedia.org,05-14-2020,15:36:14,45.4|44.6|41.7|41.2|59.6|46.1|61.8|43.3|53.4|35.5|55.9,48.04545454545455
en.wikipedia.org,05-14-2020,22:06:17,62.8|462.0|282.0|153.0|514.0|142.0|260.0|284.0|432.0|193.0|132.0,265.1636363636364
en.wikipedia.org,05-14-2020,22:06:17,125.0|49.3|103.0|120.0|184.0|378.0|57.9|104.0|154.0|44.0|115.0,130.38181818181818
en.wikipedia.org,05-15-2020,15:36:53,54.8|52.9|52.7|102.0|43.8|67.9|122.0|49.4|46.5|336.0|59.1,89.73636363636363
en.wikipedia.org,05-15-2020,15:36:53,233.0|71.4|105.0|41.0|75.7|64.5|188.0|514.0|27.3|108.0|67.0,135.89999999999998
en.wikipedia.org,05-15-2020,22:06:23,42.4|50.3|46.9|25.2|50.0|52.1|38.3|39.8|52.3|45.7|31.4,43.127272727272725
en.wikipedia.org,05-15-2020,22:06:23,52.6|50.1|39.8|53.1|53.2|70.4|79.5|100.0|46.8|43.6|56.8,58.71818181818182
en.wikipedia.org,05-16-2020,15:38:14,328.0|245.0|26.7|41.5|209.0|45.1|39.2|93.6|45.3|419.0|87.4,143.61818181818182
en.wikipedia.org,05-16-2020,15:38:14,106.0|116.0|140.0|1016.0|160.0|61.1|24.4|286.0|675.0|730.0|74.6,308.09999999999997
en.wikipedia.org,05-16-2020,22:07:32,251.0|353.0|61.5|41.9|425.0|187.0|718.0|726.0|527.0|154.0|332.0,343.3090909090909
en.wikipedia.org,05-16-2020,22:07:32,174.0|95.1|54.7|210.0|302.0|347.0|429.0|73.9|152.0|446.0|241.0,229.5181818181818
en.wikipedia.org,05-17-2020,15:38:34,134.0|1063.0|154.0|486.0|569.0|349.0|1058.0|1029.0|597.0|626.0|155.0,565.4545454545455
en.wikipedia.org,05-17-2020,15:38:34,28.2|120.0|30.6|130.0|70.4|265.0|881.0|577.0|50.7|35.5|513.0,245.58181818181814
en.wikipedia.org,05-17-2020,22:07:09,35.2|313.0|430.0|249.0|303.0|67.0|42.2|61.1|148.0|146.0|30.8,165.93636363636364
en.wikipedia.org,05-17-2020,22:07:09,53.4|82.2|49.1|426.0|156.0|139.0|393.0|26.5|1019.0|132.0|506.0,271.10909090909087
en.wikipedia.org,05-18-2020,15:36:21,45.1|253.0|47.8|231.0|73.3|55.5|161.0|40.5|42.3|53.5|59.6,96.6
en.wikipedia.org,05-18-2020,15:36:21,39.2|75.4|36.2|114.0|37.5|73.8|80.7|111.0|75.1|104.0|36.4,71.2090909090909
en.wikipedia.org,05-18-2020,22:06:54,30.8|44.9|113.0|266.0|124.0|280.0|35.4|27.7|20.9|24.5|25.1,90.2090909090909
en.wikipedia.org,05-18-2020,22:06:54,25.4|23.4|27.7|37.6|27.3|23.6|30.1|28.1|24.2|22.4|30.4,27.290909090909086
en.wikipedia.org,05-19-2020,15:36:57,23.7|23.5|27.6|33.8|29.7|34.5|28.8|19.7|22.8|29.7|24.4,27.10909090909091
en.wikipedia.org,05-19-2020,15:36:57,23.3|28.3|31.9|30.6|21.4|76.8|87.7|95.1|32.1|24.7|21.6,43.045454545454554
en.wikipedia.org,05-19-2020,22:06:02,21.8|21.0|23.4|19.9|26.1|23.6|22.9|20.3|24.0|23.5|22.4,22.62727272727273
en.wikipedia.org,05-19-2020,22:06:02,29.1|20.1|21.7|22.4|26.4|43.6|21.1|23.1|22.7|20.1|23.7,24.90909090909091
en.wikipedia.org,05-20-2020,15:35:58,18.8|25.4|27.8|29.9|51.6|21.2|26.4|26.5|20.5|21.0|17.8,26.081818181818186
en.wikipedia.org,05-20-2020,15:35:58,18.8|34.8|19.2|21.7|20.4|19.5|72.7|44.9|77.8|116.0|28.2,43.09090909090909
en.wikipedia.org,05-20-2020,22:06:05,28.1|52.9|26.3|23.9|27.1|41.6|33.6|24.6|25.3|33.4|31.1,31.62727272727273
en.wikipedia.org,05-20-2020,22:06:05,24.4|35.1|24.6|24.8|27.9|25.1|24.5|25.5|24.1|26.0|25.7,26.154545454545453
en.wikipedia.org,05-21-2020,15:36:29,25.0|25.5|28.1|34.0|31.5|25.7|23.1|24.1|24.4|28.9|23.2,26.681818181818183
en.wikipedia.org,05-21-2020,15:36:29,22.9|24.6|27.2|37.5|27.4|25.7|24.2|26.3|22.5|25.3|26.8,26.400000000000002
en.wikipedia.org,05-21-2020,22:06:45,27.2|27.9|28.7|26.1|25.2|25.7|26.8|23.9|25.6|40.2|25.2,27.5
en.wikipedia.org,05-21-2020,22:06:45,24.5|22.1|21.3|26.5|26.9|22.9|24.8|23.7|27.7|25.8|26.5,24.79090909090909
en.wikipedia.org,05-22-2020,15:36:14,26.4|26.9|27.2|36.7|28.1|27.2|28.5|24.7|24.5|24.1|30.8,27.736363636363638
en.wikipedia.org,05-22-2020,15:36:14,23.1|26.2|26.9|25.2|28.9|27.6|26.2|34.2|26.1|24.2|26.5,26.827272727272728
en.wikipedia.org,05-22-2020,22:06:05,22.2|25.0|25.1|27.6|25.4|28.1|32.9|24.9|27.5|24.6|27.7,26.454545454545453
en.wikipedia.org,05-22-2020,22:06:05,107.0|132.0|127.0|141.0|28.7|24.1|29.1|33.4|28.6|26.3|25.3,63.86363636363635
en.wikipedia.org,05-23-2020,15:36:11,29.7|30.7|24.5|23.2|23.1|24.2|26.1|24.2|26.5|24.2|32.6,26.272727272727273
en.wikipedia.org,05-23-2020,15:36:11,25.5|31.4|22.7|26.2|23.3|70.3|22.3|26.7|24.2|25.1|23.9,29.236363636363635
en.wikipedia.org,05-23-2020,22:06:02,23.6|24.8|25.7|24.7|23.8|25.9|26.1|30.7|26.2|25.3|26.8,25.781818181818185
en.wikipedia.org,05-23-2020,22:06:02,27.4|27.0|28.4|26.1|25.9|26.8|25.9|24.4|29.4|24.4|138.0,36.699999999999996
en.wikipedia.org,05-24-2020,15:36:22,75.1|37.7|79.9|37.3|60.5|44.8|51.9|37.5|39.4|38.9|41.2,49.47272727272727
en.wikipedia.org,05-24-2020,15:36:22,29.8|37.1|56.4|61.7|26.3|25.1|59.1|52.6|38.8|32.2|25.0,40.372727272727275
en.wikipedia.org,05-24-2020,22:06:06,21.9|25.3|23.3|24.1|44.6|26.8|28.5|34.8|25.9|25.4|29.8,28.218181818181822
en.wikipedia.org,05-24-2020,22:06:06,24.8|129.0|143.0|104.0|24.7|30.5|25.5|25.6|24.5|27.9|25.6,53.190909090909095
en.wikipedia.org,05-25-2020,15:36:02,23.4|26.6|29.3|31.1|25.7|25.5|28.8|26.1|26.2|26.5|41.7,28.263636363636362
en.wikipedia.org,05-25-2020,15:36:02,27.8|32.6|26.2|26.9|115.0|44.1|55.9|72.6|55.1|37.1|26.2,47.22727272727274
en.wikipedia.org,05-25-2020,22:06:32,26.3|29.8|28.7|25.5|30.7|43.9|26.4|26.1|25.2|30.7|34.2,29.772727272727273
en.wikipedia.org,05-25-2020,22:06:32,32.3|26.4|31.6|24.1|26.8|25.9|37.1|30.7|26.2|27.1|28.1,28.75454545454546
