www.wikipedia.jp,05-12-2020,15:37:52,193.0|520.0|899.0|888.0|477.0|1009.0|375.0|207.0|240.0|578.0|188.0,506.72727272727275
www.wikipedia.jp,05-12-2020,15:37:52,189.0|579.0|406.0|595.0|1193.0|643.0|998.0|176.0|1224.0|725.0|614.0,667.4545454545455
www.wikipedia.jp,05-12-2020,22:06:24,176.0|198.0|200.0|190.0|203.0|198.0|201.0|192.0|193.0|195.0|230.0,197.8181818181818
www.wikipedia.jp,05-12-2020,22:06:24,186.0|184.0|181.0|185.0|183.0|185.0|192.0|197.0|361.0|263.0|292.0,219.0
www.wikipedia.jp,05-13-2020,15:36:07,176.0|198.0|198.0|200.0|197.0|206.0|199.0|207.0|195.0|194.0|192.0,196.54545454545453
www.wikipedia.jp,05-13-2020,15:36:07,217.0|357.0|266.0|347.0|521.0|222.0|194.0|207.0|239.0|233.0|211.0,274.0
www.wikipedia.jp,05-13-2020,22:06:52,191.0|198.0|212.0|413.0|1149.0|414.0|250.0|838.0|685.0|398.0|272.0,456.3636363636364
www.wikipedia.jp,05-13-2020,22:06:52,182.0|178.0|200.0|572.0|218.0|306.0|315.0|204.0|190.0|241.0|442.0,277.09090909090907
www.wikipedia.jp,05-14-2020,15:36:14,193.0|207.0|194.0|206.0|205.0|195.0|210.0|195.0|199.0|197.0|204.0,200.45454545454547
www.wikipedia.jp,05-14-2020,15:36:14,207.0|210.0|210.0|199.0|202.0|196.0|206.0|189.0|203.0|191.0|246.0,205.36363636363637
www.wikipedia.jp,05-14-2020,22:06:17,206.0|194.0|240.0|260.0|558.0|409.0|183.0|201.0|282.0|316.0|296.0,285.90909090909093
www.wikipedia.jp,05-14-2020,22:06:17,185.0|200.0|212.0|198.0|212.0|221.0|197.0|192.0|241.0|197.0|192.0,204.27272727272728
www.wikipedia.jp,05-15-2020,15:36:53,197.0|207.0|209.0|231.0|187.0|210.0|222.0|238.0|254.0|258.0|246.0,223.54545454545453
www.wikipedia.jp,05-15-2020,15:36:53,198.0|203.0|194.0|199.0|203.0|201.0|204.0|192.0|201.0|201.0|205.0,200.0909090909091
www.wikipedia.jp,05-15-2020,22:06:23,199.0|201.0|207.0|213.0|202.0|193.0|199.0|197.0|197.0|214.0|218.0,203.63636363636363
www.wikipedia.jp,05-15-2020,22:06:23,187.0|196.0|213.0|208.0|205.0|204.0|213.0|293.0|218.0|217.0|196.0,213.63636363636363
www.wikipedia.jp,05-16-2020,15:38:14,206.0|344.0|207.0|194.0|220.0|201.0|221.0|221.0|191.0|478.0|335.0,256.1818181818182
www.wikipedia.jp,05-16-2020,15:38:14,371.0|809.0|543.0|202.0|296.0|255.0|213.0|197.0|195.0|187.0|175.0,313.0
www.wikipedia.jp,05-16-2020,22:07:32,506.0|361.0|535.0|276.0|408.0|434.0|622.0|281.0|264.0|281.0|403.0,397.3636363636364
www.wikipedia.jp,05-16-2020,22:07:32,234.0|317.0|228.0|887.0|386.0|439.0|198.0|244.0|199.0|379.0|780.0,390.09090909090907
www.wikipedia.jp,05-17-2020,15:38:34,700.0|593.0|815.0|797.0|352.0|663.0|980.0|235.0|929.0|337.0|734.0,648.6363636363636
www.wikipedia.jp,05-17-2020,15:38:34,360.0|324.0|363.0|294.0|385.0|309.0|196.0|1177.0|1270.0|1275.0|780.0,612.0909090909091
www.wikipedia.jp,05-17-2020,22:07:09,206.0|269.0|313.0|190.0|364.0|279.0|247.0|344.0|232.0|202.0|283.0,266.27272727272725
www.wikipedia.jp,05-17-2020,22:07:09,406.0|469.0|319.0|637.0|437.0|217.0|242.0|544.0|593.0|380.0|324.0,415.27272727272725
www.wikipedia.jp,05-18-2020,15:36:21,301.0|200.0|487.0|270.0|714.0|561.0|263.0|211.0|349.0|209.0|241.0,346.0
www.wikipedia.jp,05-18-2020,15:36:21,307.0|240.0|210.0|196.0|201.0|216.0|190.0|196.0|182.0|199.0|204.0,212.8181818181818
www.wikipedia.jp,05-18-2020,22:06:54,184.0|182.0|179.0|177.0|191.0|192.0|182.0|195.0|184.0|195.0|181.0,185.63636363636363
www.wikipedia.jp,05-18-2020,22:06:54,177.0|188.0|178.0|178.0|179.0|185.0|181.0|180.0|178.0|181.0|180.0,180.45454545454547
www.wikipedia.jp,05-19-2020,15:36:57,175.0|177.0|177.0|179.0|183.0|188.0|178.0|184.0|182.0|185.0|176.0,180.36363636363637
www.wikipedia.jp,05-19-2020,15:36:57,185.0|175.0|180.0|176.0|180.0|191.0|178.0|181.0|178.0|178.0|184.0,180.54545454545453
www.wikipedia.jp,05-19-2020,22:06:02,175.0|175.0|175.0|179.0|176.0|178.0|179.0|176.0|177.0|176.0|187.0,177.54545454545453
www.wikipedia.jp,05-19-2020,22:06:02,174.0|179.0|187.0|202.0|272.0|282.0|299.0|177.0|179.0|178.0|178.0,209.72727272727272
www.wikipedia.jp,05-20-2020,15:35:58,172.0|175.0|173.0|185.0|174.0|176.0|173.0|172.0|184.0|239.0|176.0,181.72727272727272
www.wikipedia.jp,05-20-2020,15:35:58,172.0|202.0|173.0|172.0|172.0|173.0|173.0|176.0|174.0|173.0|172.0,175.63636363636363
www.wikipedia.jp,05-20-2020,22:06:05,182.0|182.0|181.0|178.0|177.0|178.0|178.0|183.0|184.0|179.0|181.0,180.27272727272728
www.wikipedia.jp,05-20-2020,22:06:05,181.0|178.0|178.0|182.0|178.0|179.0|187.0|180.0|180.0|183.0|181.0,180.63636363636363
www.wikipedia.jp,05-21-2020,15:36:29,177.0|179.0|181.0|176.0|191.0|178.0|180.0|186.0|179.0|181.0|178.0,180.54545454545453
www.wikipedia.jp,05-21-2020,15:36:29,256.0|279.0|295.0|227.0|178.0|179.0|179.0|179.0|178.0|177.0|181.0,209.8181818181818
www.wikipedia.jp,05-21-2020,22:06:45,178.0|180.0|195.0|176.0|342.0|320.0|181.0|189.0|180.0|178.0|186.0,209.54545454545453
www.wikipedia.jp,05-21-2020,22:06:45,180.0|178.0|179.0|180.0|176.0|188.0|181.0|184.0|189.0|177.0|177.0,180.8181818181818
www.wikipedia.jp,05-22-2020,15:36:14,180.0|268.0|182.0|187.0|202.0|181.0|184.0|180.0|180.0|178.0|180.0,191.0909090909091
www.wikipedia.jp,05-22-2020,15:36:14,180.0|178.0|179.0|178.0|178.0|181.0|180.0|180.0|182.0|178.0|178.0,179.27272727272728
www.wikipedia.jp,05-22-2020,22:06:05,281.0|287.0|299.0|243.0|258.0|266.0|262.0|261.0|246.0|263.0|270.0,266.90909090909093
www.wikipedia.jp,05-22-2020,22:06:05,266.0|266.0|282.0|277.0|280.0|279.0|273.0|312.0|282.0|293.0|287.0,281.54545454545456
www.wikipedia.jp,05-23-2020,15:36:11,193.0|196.0|188.0|195.0|213.0|232.0|199.0|199.0|200.0|202.0|194.0,201.0
www.wikipedia.jp,05-23-2020,15:36:11,199.0|192.0|192.0|192.0|191.0|194.0|198.0|193.0|209.0|193.0|194.0,195.1818181818182
www.wikipedia.jp,05-23-2020,22:06:02,215.0|196.0|212.0|215.0|194.0|218.0|220.0|193.0|196.0|195.0|195.0,204.45454545454547
www.wikipedia.jp,05-23-2020,22:06:02,194.0|196.0|194.0|195.0|192.0|194.0|194.0|193.0|289.0|248.0|262.0,213.72727272727272
www.wikipedia.jp,05-24-2020,15:36:22,198.0|194.0|196.0|193.0|206.0|195.0|193.0|194.0|205.0|213.0|195.0,198.36363636363637
www.wikipedia.jp,05-24-2020,15:36:22,197.0|192.0|192.0|196.0|194.0|197.0|234.0|214.0|191.0|227.0|219.0,204.8181818181818
www.wikipedia.jp,05-24-2020,22:06:06,192.0|196.0|195.0|218.0|232.0|195.0|194.0|212.0|192.0|193.0|193.0,201.0909090909091
www.wikipedia.jp,05-24-2020,22:06:06,196.0|195.0|212.0|193.0|196.0|236.0|251.0|195.0|247.0|275.0|205.0,218.27272727272728
www.wikipedia.jp,05-25-2020,15:36:02,196.0|192.0|192.0|195.0|194.0|193.0|195.0|193.0|193.0|193.0|191.0,193.36363636363637
www.wikipedia.jp,05-25-2020,15:36:02,200.0|198.0|202.0|192.0|194.0|213.0|193.0|195.0|194.0|192.0|195.0,197.0909090909091
www.wikipedia.jp,05-25-2020,22:06:32,196.0|194.0|198.0|201.0|205.0|197.0|195.0|193.0|197.0|194.0|274.0,204.0
www.wikipedia.jp,05-25-2020,22:06:32,196.0|312.0|301.0|318.0|309.0|194.0|192.0|194.0|198.0|194.0|194.0,236.54545454545453
