www.reddit.com,05-12-2020,15:37:52,1021.0|575.0|45.1|122.0|200.0|163.0|517.0|895.0|192.0|205.0|416.0,395.55454545454546
www.reddit.com,05-12-2020,15:37:52,267.0|226.0|1066.0|703.0|1408.0|903.0|493.0|28.3|811.0|1000.0|692.0,690.6636363636363
www.reddit.com,05-12-2020,22:06:24,32.0|87.1|193.0|78.6|114.0|113.0|19.3|51.4|68.5|38.9|75.6,79.21818181818183
www.reddit.com,05-12-2020,22:06:24,85.1|101.0|38.8|79.5|51.2|108.0|19.7|335.0|58.7|419.0|227.0,138.45454545454547
www.reddit.com,05-13-2020,15:36:07,35.5|39.7|33.0|33.8|89.2|192.0|73.3|75.6|39.1|34.1|35.1,61.85454545454545
www.reddit.com,05-13-2020,15:36:07,21.0|21.6|36.4|34.6|61.1|54.1|36.8|17.9|47.3|55.1|36.3,38.38181818181818
www.reddit.com,05-13-2020,22:06:52,70.4|29.3|204.0|153.0|59.3|21.3|25.3|47.9|294.0|77.7|411.0,126.65454545454546
www.reddit.com,05-13-2020,22:06:52,73.8|59.9|68.9|98.8|32.0|197.0|50.8|53.9|39.1|17.1|50.8,67.46363636363635
www.reddit.com,05-14-2020,15:36:14,125.0|40.3|38.2|35.0|22.0|43.1|23.4|44.4|39.3|32.2|28.0,42.809090909090905
www.reddit.com,05-14-2020,15:36:14,34.9|25.3|52.6|48.4|23.8|47.5|26.2|43.7|45.6|43.1|36.7,38.89090909090909
www.reddit.com,05-14-2020,22:06:17,43.1|42.6|281.0|407.0|41.6|57.7|158.0|328.0|228.0|241.0|483.0,210.0909090909091
www.reddit.com,05-14-2020,22:06:17,267.0|60.3|90.3|66.6|126.0|218.0|267.0|126.0|111.0|68.8|270.0,151.9090909090909
www.reddit.com,05-15-2020,15:36:53,132.0|210.0|98.4|164.0|286.0|139.0|371.0|167.0|140.0|146.0|134.0,180.6727272727273
www.reddit.com,05-15-2020,15:36:53,59.9|89.9|127.0|97.2|39.8|43.3|36.1|25.3|52.4|40.2|52.8,60.35454545454545
www.reddit.com,05-15-2020,22:06:23,43.8|20.5|36.5|64.7|32.8|33.7|39.4|49.6|26.5|31.3|42.4,38.29090909090909
www.reddit.com,05-15-2020,22:06:23,60.8|44.1|49.2|186.0|88.2|266.0|278.0|161.0|54.5|60.2|65.2,119.3818181818182
www.reddit.com,05-16-2020,15:38:14,194.0|19.5|66.9|132.0|676.0|56.1|59.1|96.4|52.7|53.6|22.4,129.88181818181818
www.reddit.com,05-16-2020,15:38:14,168.0|61.5|58.4|31.7|32.8|30.5|33.3|48.4|51.6|50.6|428.0,90.43636363636364
www.reddit.com,05-16-2020,22:07:32,50.7|234.0|442.0|768.0|147.0|121.0|146.0|299.0|437.0|52.2|106.0,254.80909090909088
www.reddit.com,05-16-2020,22:07:32,23.1|89.2|86.4|293.0|108.0|61.3|152.0|103.0|99.7|91.4|182.0,117.1909090909091
www.reddit.com,05-17-2020,15:38:34,506.0|203.0|1082.0|1261.0|1671.0|1054.0|264.0|724.0|538.0|388.0,769.1
www.reddit.com,05-17-2020,15:38:34,370.0|1166.0|486.0|204.0|51.1|497.0|128.0|170.0|1050.0|309.0|911.0,485.6454545454546
www.reddit.com,05-17-2020,22:07:09,111.0|95.5|51.7|243.0|20.9|129.0|248.0|217.0|324.0|179.0|140.0,159.9181818181818
www.reddit.com,05-17-2020,22:07:09,174.0|25.7|175.0|48.4|93.3|234.0|38.6|49.8|69.0|138.0|37.4,98.4727272727273
www.reddit.com,05-18-2020,15:36:21,38.7|42.7|35.5|33.3|63.3|52.1|52.0|73.5|62.2|63.1|60.6,52.45454545454545
www.reddit.com,05-18-2020,15:36:21,168.0|28.2|249.0|44.4|23.8|36.7|53.5|44.5|75.3|79.3|76.8,79.95454545454544
www.reddit.com,05-18-2020,22:06:54,31.9|28.3|45.5|15.8|20.4|16.9|16.5|23.9|33.7|22.9|19.1,24.99090909090909
www.reddit.com,05-18-2020,22:06:54,15.8|17.1|15.3|18.7|16.1|13.9|21.9|17.1|15.5|15.6|20.5,17.045454545454547
www.reddit.com,05-19-2020,15:36:57,19.1|15.9|44.7|15.1|18.4|16.1|25.3|28.4|15.5|20.2|16.3,21.363636363636363
www.reddit.com,05-19-2020,15:36:57,20.1|18.5|31.5|26.4|16.4|15.1|23.5|15.6|14.1|18.9|15.6,19.60909090909091
www.reddit.com,05-19-2020,22:06:02,13.1|31.9|16.5|16.5|16.7|17.1|21.2|18.9|23.1|16.6|20.5,19.281818181818178
www.reddit.com,05-19-2020,22:06:02,13.9|13.1|17.4|16.5|13.7|15.5|14.5|14.2|14.9|16.7|18.4,15.345454545454544
www.reddit.com,05-20-2020,15:35:58,12.4|17.1|13.6|23.6|15.5|11.4|13.8|11.0|10.8|13.6|14.6,14.30909090909091
www.reddit.com,05-20-2020,15:35:58,11.6|14.8|23.1|11.0|13.7|26.1|22.6|12.6|14.6|13.8|23.5,17.036363636363635
www.reddit.com,05-20-2020,22:06:05,27.6|19.4|31.3|18.6|31.9|19.7|22.3|18.7|20.9|74.5|23.7,28.05454545454545
www.reddit.com,05-20-2020,22:06:05,23.6|29.3|30.2|29.0|21.8|20.6|34.4|20.9|19.9|20.1|17.8,24.327272727272728
www.reddit.com,05-21-2020,15:36:29,18.4|18.2|19.1|16.4|18.8|17.1|15.7|14.6|17.4|19.8|16.7,17.472727272727273
www.reddit.com,05-21-2020,15:36:29,17.5|20.9|28.6|16.7|18.7|30.4|41.2|123.0|124.0|137.0|18.0,52.36363636363637
www.reddit.com,05-21-2020,22:06:45,17.6|27.3|26.1|22.9|15.3|24.2|20.4|20.2|73.8|23.1|16.3,26.109090909090913
www.reddit.com,05-21-2020,22:06:45,23.1|24.3|20.2|21.6|18.5|24.5|17.8|17.6|17.5|18.4|17.5,20.090909090909093
www.reddit.com,05-22-2020,15:36:14,17.7|17.2|17.1|31.2|18.9|28.6|17.6|19.2|19.9|17.5|29.1,21.272727272727273
www.reddit.com,05-22-2020,15:36:14,18.8|20.3|15.6|22.9|27.3|27.0|18.5|19.2|20.5|27.5|19.8,21.581818181818182
www.reddit.com,05-22-2020,22:06:05,21.3|30.6|19.3|18.9|17.1|22.1|21.1|18.8|18.7|18.4|18.7,20.454545454545453
www.reddit.com,05-22-2020,22:06:05,19.9|18.5|17.5|22.3|18.1|19.4|19.2|34.2|16.5|19.7|20.1,20.49090909090909
www.reddit.com,05-23-2020,15:36:11,19.1|17.4|18.8|17.3|25.1|17.5|17.8|18.6|22.4|29.2|17.4,20.054545454545455
www.reddit.com,05-23-2020,15:36:11,16.9|15.1|20.7|16.4|19.6|102.0|137.0|21.4|16.6|16.0|19.9,36.50909090909091
www.reddit.com,05-23-2020,22:06:02,25.3|29.3|27.4|28.7|29.2|39.5|27.6|32.1|22.4|26.5|30.9,28.99090909090909
www.reddit.com,05-23-2020,22:06:02,17.3|19.1|18.3|25.1|20.6|19.6|17.7|18.5|21.1|24.7|24.8,20.61818181818182
www.reddit.com,05-24-2020,15:36:22,43.0|32.4|29.7|18.9|46.9|57.6|90.9|103.0|44.3|39.5|37.2,49.4
www.reddit.com,05-24-2020,15:36:22,16.9|45.2|33.7|30.8|48.0|46.4|46.3|19.9|27.1|30.6|35.9,34.61818181818182
www.reddit.com,05-24-2020,22:06:06,16.6|16.6|18.2|17.2|18.2|17.9|18.6|18.4|26.8|123.0|17.6,28.1
www.reddit.com,05-24-2020,22:06:06,15.6|19.2|18.6|21.7|17.4|16.2|23.4|18.6|17.8|17.6|17.1,18.472727272727273
www.reddit.com,05-25-2020,15:36:02,19.5|21.5|27.1|22.9|93.6|29.7|24.7|21.7|20.2|19.4|20.5,29.16363636363636
www.reddit.com,05-25-2020,15:36:02,25.5|19.2|19.3|20.7|19.8|19.1|19.9|19.4|29.2|20.3|57.3,24.518181818181816
www.reddit.com,05-25-2020,22:06:32,20.5|20.7|19.7|19.2|19.5|22.6|22.8|17.8|17.0|17.8|18.1,19.60909090909091
www.reddit.com,05-25-2020,22:06:32,16.5|21.8|18.7|42.7|18.8|17.4|37.1|18.8|19.7|32.8|18.1,23.85454545454546
