www.inquirer.com,05-12-2020,15:37:52,36.3|1026.0|810.0|107.0|474.0|30.7|196.0|923.0|1141.0|1023.0|773.0,594.5454545454545
www.inquirer.com,05-12-2020,15:37:52,615.0|269.0|262.0|655.0|46.9|385.0|342.0|606.0|488.0|936.0|194.0,436.26363636363635
www.inquirer.com,05-12-2020,22:06:24,20.1|43.3|40.8|41.4|31.4|40.2|33.6|28.3|46.9|40.9|33.9,36.43636363636363
www.inquirer.com,05-12-2020,22:06:24,49.2|35.3|37.1|53.1|38.4|28.6|26.1|50.6|32.1|31.9|33.6,37.81818181818182
www.inquirer.com,05-13-2020,15:36:07,24.4|31.1|582.0|733.0|764.0|420.0|193.0|130.0|144.0|156.0|36.7,292.2
www.inquirer.com,05-13-2020,15:36:07,29.9|23.2|38.1|37.0|52.3|334.0|115.0|219.0|402.0|288.0|105.0,149.4090909090909
www.inquirer.com,05-13-2020,22:06:52,89.7|249.0|153.0|23.4|292.0|290.0|136.0|179.0|40.9|281.0|68.6,163.87272727272727
www.inquirer.com,05-13-2020,22:06:52,36.7|327.0|180.0|108.0|134.0|485.0|158.0|323.0|37.6|404.0|249.0,222.02727272727273
www.inquirer.com,05-14-2020,15:36:14,29.9|58.5|26.9|36.5|42.1|38.5|35.5|51.0|48.4|34.5|37.9,39.97272727272727
www.inquirer.com,05-14-2020,15:36:14,38.5|41.0|29.9|36.5|37.2|33.9|42.2|52.1|51.4|38.5|29.5,39.154545454545456
www.inquirer.com,05-14-2020,22:06:17,35.3|36.1|38.7|37.9|24.7|21.3|53.9|37.7|66.6|50.5|32.9,39.6
www.inquirer.com,05-14-2020,22:06:17,27.3|39.7|48.2|42.2|24.2|18.0|30.7|54.3|24.4|36.7|31.4,34.28181818181818
www.inquirer.com,05-15-2020,15:36:53,31.8|28.3|28.2|25.6|25.1|21.4|21.9|20.8|24.5|107.0|34.8,33.581818181818186
www.inquirer.com,05-15-2020,15:36:53,51.1|156.0|73.8|188.0|55.2|113.0|163.0|37.4|28.4|70.3|130.0,96.92727272727271
www.inquirer.com,05-15-2020,22:06:23,44.1|34.3|46.1|32.9|46.7|34.8|59.4|36.1|45.4|28.5|46.6,41.35454545454545
www.inquirer.com,05-15-2020,22:06:23,49.2|32.3|57.2|150.0|162.0|49.3|36.2|33.3|35.1|26.4|39.2,60.92727272727273
www.inquirer.com,05-16-2020,15:38:14,54.4|72.5|69.1|19.9|32.5|31.5|90.6|110.0|257.0|102.0|20.1,78.14545454545454
www.inquirer.com,05-16-2020,15:38:14,34.7|31.3|45.3|34.9|123.0|875.0|28.0|71.1|24.5|54.5|43.1,124.12727272727271
www.inquirer.com,05-16-2020,22:07:32,894.0|17.2|328.0|96.9|1165.0|786.0|190.0|546.0|310.0|103.0|27.0,405.73636363636365
www.inquirer.com,05-16-2020,22:07:32,23.6|203.0|337.0|376.0|90.3|1068.0|645.0|318.0|393.0|431.0|107.0,362.90000000000003
www.inquirer.com,05-17-2020,15:38:34,94.6|19.5|163.0|16.3|693.0|348.0|386.0|195.0|97.1|49.1|132.0,199.4181818181818
www.inquirer.com,05-17-2020,15:38:34,229.0|33.6|239.0|455.0|336.0|492.0|494.0|1028.0|355.0|171.0|66.7,354.48181818181814
www.inquirer.com,05-17-2020,22:07:09,358.0|122.0|40.2|67.3|121.0|90.1|311.0|137.0|107.0|72.8|245.0,151.94545454545454
www.inquirer.com,05-17-2020,22:07:09,874.0|99.8|265.0|29.8|82.3|416.0|222.0|664.0|458.0|133.0|78.6,302.0454545454545
www.inquirer.com,05-18-2020,15:36:21,156.0|27.7|60.1|52.5|38.8|136.0|58.3|41.1|37.5|22.1|65.9,63.27272727272727
www.inquirer.com,05-18-2020,15:36:21,39.4|75.6|19.9|27.1|30.4|34.2|39.2|31.1|60.1|50.9|52.7,41.87272727272727
www.inquirer.com,05-18-2020,22:06:54,14.9|19.3|16.2|14.1|30.8|15.4|17.1|29.7|14.6|16.7|17.3,18.736363636363635
www.inquirer.com,05-18-2020,22:06:54,19.8|16.8|21.9|17.0|17.0|15.8|16.3|27.7|15.6|23.0|15.2,18.736363636363635
www.inquirer.com,05-19-2020,15:36:57,21.0|16.5|29.6|17.3|21.2|21.7|21.9|21.1|17.2|18.1|33.7,21.754545454545454
www.inquirer.com,05-19-2020,15:36:57,20.3|14.7|27.1|19.5|13.5|24.5|19.0|17.9|26.2|17.3|20.4,20.036363636363635
www.inquirer.com,05-19-2020,22:06:02,16.9|13.6|14.5|16.3|15.4|29.1|14.0|15.7|13.8|13.1|14.1,16.045454545454547
www.inquirer.com,05-19-2020,22:06:02,16.1|13.1|14.3|13.3|17.0|13.6|18.4|14.8|21.1|15.8|16.1,15.781818181818183
www.inquirer.com,05-20-2020,15:35:58,12.6|12.0|11.3|10.1|10.1|10.8|42.7|10.8|11.1|12.0|12.6,14.19090909090909
www.inquirer.com,05-20-2020,15:35:58,13.2|12.2|11.9|15.0|11.6|20.6|13.2|94.7|111.0|13.2|12.0,29.872727272727275
www.inquirer.com,05-20-2020,22:06:05,20.7|19.1|20.0|17.7|19.6|18.4|17.5|18.0|15.6|27.3|33.6,20.681818181818183
www.inquirer.com,05-20-2020,22:06:05,15.9|28.7|19.7|38.8|20.1|40.8|20.3|26.3|19.1|38.1|14.9,25.7
www.inquirer.com,05-21-2020,15:36:29,16.1|22.4|17.1|22.1|33.1|19.6|16.1|30.4|29.5|15.4|21.1,22.081818181818182
www.inquirer.com,05-21-2020,15:36:29,17.7|19.3|18.4|18.3|19.6|22.5|19.3|17.5|16.4|96.1|131.0,36.00909090909091
www.inquirer.com,05-21-2020,22:06:45,15.8|22.9|19.4|19.1|16.6|22.6|22.4|17.9|21.1|32.7|27.5,21.636363636363637
www.inquirer.com,05-21-2020,22:06:45,22.6|15.9|22.2|15.3|15.9|18.1|14.5|14.1|15.1|26.6|15.1,17.763636363636362
www.inquirer.com,05-22-2020,15:36:14,18.6|21.3|25.9|18.4|19.5|16.7|20.0|16.7|18.8|20.1|21.3,19.754545454545458
www.inquirer.com,05-22-2020,15:36:14,17.6|26.1|30.3|23.5|25.2|27.2|28.3|71.4|55.1|19.6|20.2,31.318181818181817
www.inquirer.com,05-22-2020,22:06:05,16.6|22.5|19.5|39.2|19.6|18.6|17.6|16.9|21.2|26.2|19.1,21.545454545454543
www.inquirer.com,05-22-2020,22:06:05,47.3|18.3|17.4|35.4|19.1|18.8|19.6|19.6|18.5|17.3|20.6,22.900000000000002
www.inquirer.com,05-23-2020,15:36:11,15.6|18.3|17.1|17.1|17.9|18.0|14.9|20.1|18.4|25.2|15.8,18.036363636363635
www.inquirer.com,05-23-2020,15:36:11,16.1|16.5|19.8|15.9|17.3|15.7|18.6|15.5|20.3|16.3|17.7,17.245454545454546
www.inquirer.com,05-23-2020,22:06:02,20.2|19.7|18.7|16.9|17.6|17.4|17.9|19.3|22.5|19.1|18.8,18.918181818181818
www.inquirer.com,05-23-2020,22:06:02,17.7|19.4|15.5|27.5|21.2|19.7|18.8|16.7|34.3|17.8|15.9,20.40909090909091
www.inquirer.com,05-24-2020,15:36:22,18.8|17.9|18.8|28.1|29.8|19.8|30.7|18.3|58.1|56.1|22.8,29.018181818181816
www.inquirer.com,05-24-2020,15:36:22,18.6|24.1|19.2|31.5|17.4|18.5|18.6|17.9|19.0|18.7|26.6,20.918181818181818
www.inquirer.com,05-24-2020,22:06:06,62.2|21.1|30.5|124.0|29.7|77.5|71.1|18.0|17.6|19.8|18.6,44.55454545454546
www.inquirer.com,05-24-2020,22:06:06,144.0|16.2|17.1|18.0|18.2|17.2|15.8|17.8|19.6|17.3|17.2,28.94545454545454
www.inquirer.com,05-25-2020,15:36:02,17.8|41.9|21.5|35.4|90.5|92.3|114.0|124.0|19.2|21.4|19.1,54.28181818181818
www.inquirer.com,05-25-2020,15:36:02,20.2|18.1|19.7|42.1|21.8|21.2|20.5|19.2|29.8|22.6|23.1,23.481818181818184
www.inquirer.com,05-25-2020,22:06:32,21.6|21.6|29.7|18.4|22.9|21.1|23.4|25.8|19.5|20.1|22.1,22.38181818181818
www.inquirer.com,05-25-2020,22:06:32,20.3|20.5|19.9|21.1|20.0|18.5|26.3|66.5|134.0|130.0|20.7,45.25454545454546
