www.youtube.com,05-12-2020,15:37:52,34.0|688.0|46.9|178.0|574.0|794.0|65.1|327.0|168.0|78.7|12.5,269.6545454545454
www.youtube.com,05-12-2020,15:37:52,239.0|473.0|69.5|125.0|51.7|38.9|245.0|310.0|840.0|542.0|85.2,274.48181818181814
www.youtube.com,05-12-2020,22:06:24,57.8|55.8|35.1|61.4|57.4|54.2|45.0|74.2|46.4|76.3,56.35999999999999
www.youtube.com,05-12-2020,22:06:24,27.5|88.4|45.5|98.2|37.4|302.0|147.0|161.0|138.0|232.0|77.8,123.16363636363636
www.youtube.com,05-13-2020,15:36:07,166.0|55.6|37.9|55.5|33.8|30.6|32.8|26.6|40.1|37.5|37.3,50.33636363636364
www.youtube.com,05-13-2020,15:36:07,37.3|22.0|35.5|48.4|29.7|37.4|37.3|36.9|49.1|22.4|33.6,35.41818181818182
www.youtube.com,05-13-2020,22:06:52,483.0|311.0|37.3|73.1|169.0|56.7|493.0|313.0|31.5|55.4|83.3,191.4818181818182
www.youtube.com,05-13-2020,22:06:52,109.0|202.0|208.0|97.6|101.0|106.0|79.4|24.3|52.0|48.4|65.4,99.37272727272729
www.youtube.com,05-14-2020,15:36:14,32.1|18.7|38.5|43.1|41.4|38.6|30.9|37.9|40.0|26.1|37.2,34.95454545454545
www.youtube.com,05-14-2020,15:36:14,36.4|24.2|28.8|39.8|22.6|42.8|39.2|36.7|36.2|129.0|254.0,62.7
www.youtube.com,05-14-2020,22:06:17,55.6|31.4|28.7|54.2|45.2|47.7|45.7|153.0|226.0|76.1|354.0,101.6
www.youtube.com,05-14-2020,22:06:17,139.0|45.2|47.2|22.7|38.3|137.0|267.0|60.0|183.0|38.2|40.0,92.50909090909092
www.youtube.com,05-15-2020,15:36:53,57.8|55.3|64.4|52.5|395.0|155.0|192.0|29.1|200.0|44.0|333.0,143.46363636363637
www.youtube.com,05-15-2020,15:36:53,177.0|72.6|37.6|122.0|44.7|122.0|371.0|130.0|64.7|38.6|40.6,110.98181818181818
www.youtube.com,05-15-2020,22:06:23,35.1|46.1|34.6|43.5|39.2|23.9|31.9|46.1|47.4|43.0|58.4,40.83636363636363
www.youtube.com,05-15-2020,22:06:23,40.9|40.1|33.8|38.5|41.5|27.6|23.5|35.2|45.5|46.3|44.4,37.93636363636364
www.youtube.com,05-16-2020,15:38:14,30.8|38.8|28.6|71.6|73.7|68.1|721.0|19.2|171.0|37.7|45.6,118.73636363636363
www.youtube.com,05-16-2020,15:38:14,36.4|32.9|27.3|43.4|32.3|41.3|144.0|160.0|210.0|431.0|359.0,137.96363636363637
www.youtube.com,05-16-2020,22:07:32,65.3|358.0|226.0|447.0|150.0|155.0|118.0|162.0|120.0|592.0|81.9,225.01818181818183
www.youtube.com,05-16-2020,22:07:32,71.3|126.0|311.0|187.0|158.0|142.0|118.0|255.0|113.0|275.0|462.0,201.66363636363639
www.youtube.com,05-17-2020,15:38:34,411.0|844.0|1021.0|1022.0|464.0|297.0|85.5|99.8|832.0|1134.0|141.0,577.3909090909091
www.youtube.com,05-17-2020,15:38:34,174.0|31.1|29.3|89.2|46.2|239.0|58.2|676.0|218.0|85.1|110.0,159.64545454545453
www.youtube.com,05-17-2020,22:07:09,89.7|95.3|464.0|104.0|91.9|310.0|106.0|46.0|59.3|605.0|308.0,207.2
www.youtube.com,05-17-2020,22:07:09,99.1|53.3|111.0|29.6|19.0|504.0|38.3|49.1|298.0|374.0|92.9,151.66363636363639
www.youtube.com,05-18-2020,15:36:21,35.4|36.7|53.6|40.7|77.5|49.8|42.6|44.0|43.4|72.8|44.4,49.17272727272727
www.youtube.com,05-18-2020,15:36:21,165.0|68.3|51.0|60.2|64.3|66.3|40.1|30.5|59.3|69.5|31.1,64.14545454545454
www.youtube.com,05-18-2020,22:06:54,13.6|15.5|17.0|14.1|14.1|24.6|15.1|15.1|15.5|15.4|16.0,16.000000000000004
www.youtube.com,05-18-2020,22:06:54,16.1|19.0|19.4|16.4|50.2|17.8|23.2|40.8|44.2|40.7|24.4,28.38181818181818
www.youtube.com,05-19-2020,15:36:57,16.8|15.6|20.8|15.2|14.8|21.9|16.8|65.6|33.9|47.9|55.6,29.53636363636364
www.youtube.com,05-19-2020,15:36:57,14.9|45.1|19.5|14.2|14.9|15.3|15.6|16.0|18.6|27.4|25.6,20.645454545454545
www.youtube.com,05-19-2020,22:06:02,13.2|16.6|98.6|102.0|110.0|117.0|14.2|15.5|17.1|13.7|24.1,49.27272727272728
www.youtube.com,05-19-2020,22:06:02,16.7|18.2|25.3|15.1|15.3|12.8|34.4|14.8|18.1|18.7|16.1,18.681818181818183
www.youtube.com,05-20-2020,15:35:58,14.8|13.1|45.4|12.6|14.1|13.3|12.3|99.3|78.8|116.0|142.0,51.06363636363637
www.youtube.com,05-20-2020,15:35:58,21.6|13.8|14.5|32.3|17.4|13.8|16.1|14.1|17.0|12.1|14.0,16.972727272727273
www.youtube.com,05-20-2020,22:06:05,19.4|20.3|38.1|49.5|66.1|17.6|24.1|20.6|19.3|17.8|19.1,28.35454545454546
www.youtube.com,05-20-2020,22:06:05,16.9|18.7|20.0|31.6|21.6|18.1|21.1|18.2|21.1|20.4|18.4,20.554545454545455
www.youtube.com,05-21-2020,15:36:29,19.2|40.2|18.6|20.8|16.6|21.3|19.6|30.1|15.9|21.8|17.1,21.927272727272733
www.youtube.com,05-21-2020,15:36:29,105.0|37.5|18.3|49.3|16.1|18.6|20.2|16.5|20.4|21.8|19.9,31.236363636363635
www.youtube.com,05-21-2020,22:06:45,21.5|21.1|18.3|18.3|23.1|22.1|19.7|24.7|20.9|17.1|19.2,20.545454545454547
www.youtube.com,05-21-2020,22:06:45,18.1|19.2|17.6|20.0|16.4|18.5|21.8|25.1|16.1|19.1|17.6,19.045454545454547
www.youtube.com,05-22-2020,15:36:14,18.5|21.2|26.1|21.1|19.4|27.5|20.9|28.7|22.3|20.9|29.1,23.245454545454546
www.youtube.com,05-22-2020,15:36:14,24.3|25.5|29.1|24.1|48.5|41.1|19.7|17.3|19.5|20.2|21.1,26.400000000000002
www.youtube.com,05-22-2020,22:06:05,21.9|19.4|24.1|51.9|115.0|143.0|25.2|20.7|19.9|15.7|20.9,43.42727272727272
www.youtube.com,05-22-2020,22:06:05,18.4|17.7|18.1|18.3|18.9|17.9|18.1|24.5|24.1|64.0|79.4,29.036363636363635
www.youtube.com,05-23-2020,15:36:11,17.4|17.3|18.5|20.0|19.7|17.7|18.4|18.4|30.8|18.2|26.5,20.263636363636362
www.youtube.com,05-23-2020,15:36:11,17.7|30.1|15.1|21.9|27.8|25.8|17.2|21.2|19.5|21.0|19.6,21.536363636363635
www.youtube.com,05-23-2020,22:06:02,18.4|20.3|23.9|19.5|18.3|35.5|20.5|19.0|17.6|26.0|20.5,21.77272727272727
www.youtube.com,05-23-2020,22:06:02,28.8|42.5|15.6|30.9|34.4|28.1|21.9|29.4|33.1|24.6|34.9,29.472727272727273
www.youtube.com,05-24-2020,15:36:22,20.1|19.3|18.1|20.2|16.3|19.4|18.2|20.7|27.7|19.8|28.5,20.754545454545454
www.youtube.com,05-24-2020,15:36:22,40.8|75.7|51.4|38.2|31.1|23.7|41.5|32.3|34.4|32.7|45.9,40.699999999999996
www.youtube.com,05-24-2020,22:06:06,21.6|21.2|18.3|59.0|152.0|20.0|31.7|24.6|18.1|30.0|18.1,37.690909090909095
www.youtube.com,05-24-2020,22:06:06,15.8|51.7|18.6|17.9|36.1|20.1|19.1|18.4|22.9|34.6|17.1,24.754545454545454
www.youtube.com,05-25-2020,15:36:02,18.1|19.1|22.2|23.1|19.5|19.1|20.5|28.2|82.5|70.1|102.0,38.58181818181818
www.youtube.com,05-25-2020,15:36:02,20.2|21.2|21.1|22.9|19.9|21.8|19.1|45.4|20.3|20.4|19.8,22.91818181818182
www.youtube.com,05-25-2020,22:06:32,17.1|24.1|25.4|20.2|17.9|21.7|19.2|19.6|17.9|20.3|21.6,20.454545454545453
www.youtube.com,05-25-2020,22:06:32,19.5|19.9|29.6|20.4|21.4|20.6|19.2|19.1|27.8|21.1|21.4,21.818181818181817
